"area","diam.max","area_max","area_log","area_log_max","total_ind","species","sspname","sample","dataset","datasetAB"
119261.6976,444.9035482,143339.9578,11.6890754970215,11.872974415143,8,"calida","G.calida",25,"Re-sampling","A"
100849.2849,411.820253,143339.9578,11.5213824526284,11.872974415143,8,"calida","G.calida",25,"Re-sampling","A"
62599.40142,313.7897385,143339.9578,11.0445109950616,11.872974415143,8,"calida","G.calida",25,"Re-sampling","A"
39476.27393,260.7297119,143339.9578,10.5834551104207,11.872974415143,8,"calida","G.calida",25,"Re-sampling","A"
63382.61029,320.4083178,143339.9578,11.0569448171554,11.872974415143,8,"calida","G.calida",25,"Re-sampling","A"
63014.5658,327.2919948,143339.9578,11.0511211818249,11.872974415143,8,"calida","G.calida",25,"Re-sampling","A"
143339.9578,532.0822677,143339.9578,11.872974415143,11.872974415143,8,"calida","G.calida",25,"Re-sampling","A"
25057.58971,207.2048613,143339.9578,10.1289320430582,11.872974415143,8,"calida","G.calida",25,"Re-sampling","A"
47969.31448,290.8727107,121387.1864,10.7783168037957,11.7067406034372,11,"calida","G.calida",27,"Re-sampling","A"
38718.53527,256.1593663,121387.1864,10.5640737119043,11.7067406034372,11,"calida","G.calida",27,"Re-sampling","A"
40063.36221,258.0589146,121387.1864,10.5982175350539,11.7067406034372,11,"calida","G.calida",27,"Re-sampling","A"
35229.11691,238.9008999,121387.1864,10.4696282046005,11.7067406034372,11,"calida","G.calida",27,"Re-sampling","A"
49054.3453,296.8038606,121387.1864,10.8006840502644,11.7067406034372,11,"calida","G.calida",27,"Re-sampling","A"
60490.46827,334.4034549,121387.1864,11.0102410823505,11.7067406034372,11,"calida","G.calida",27,"Re-sampling","A"
53046.80026,303.7172623,121387.1864,10.8789298266717,11.7067406034372,11,"calida","G.calida",27,"Re-sampling","A"
32405.74445,247.3061558,121387.1864,10.3860909839045,11.7067406034372,11,"calida","G.calida",27,"Re-sampling","A"
121387.1864,463.6497543,121387.1864,11.7067406034372,11.7067406034372,11,"calida","G.calida",27,"Re-sampling","A"
93685.78915,416.417719,121387.1864,11.4477017934374,11.7067406034372,11,"calida","G.calida",27,"Re-sampling","A"
100602.2239,424.5872173,121387.1864,11.5189296427653,11.7067406034372,11,"calida","G.calida",27,"Re-sampling","A"
115697.7123,412.4339225,115697.7123,11.6587361402983,11.6587361402983,1,"conglobatus","G.conglobatus",20,"Re-sampling","A"
122559.126,417.7266108,122559.126,11.7163488537479,11.7163488537479,3,"conglobatus","G.conglobatus",25,"Re-sampling","A"
62470.01167,316.0593569,122559.126,11.0424419072973,11.7163488537479,3,"conglobatus","G.conglobatus",25,"Re-sampling","A"
61099.97486,306.0542161,122559.126,11.020266733703,11.7163488537479,3,"conglobatus","G.conglobatus",25,"Re-sampling","A"
100745.6935,387.1707039,405236.8277,11.5203547344785,12.9122269349364,12,"conglobatus","G.conglobatus",27,"Re-sampling","A"
291811.2598,661.1297823,405236.8277,12.583862501715,12.9122269349364,12,"conglobatus","G.conglobatus",27,"Re-sampling","A"
73562.32952,339.0914828,405236.8277,11.2058883465148,12.9122269349364,12,"conglobatus","G.conglobatus",27,"Re-sampling","A"
83876.43316,356.0327445,405236.8277,11.3370999609834,12.9122269349364,12,"conglobatus","G.conglobatus",27,"Re-sampling","A"
127265.3273,459.7804392,405236.8277,11.7540293774539,12.9122269349364,12,"conglobatus","G.conglobatus",27,"Re-sampling","A"
165525.0988,491.2384307,405236.8277,12.0168781166816,12.9122269349364,12,"conglobatus","G.conglobatus",27,"Re-sampling","A"
75057.36525,360.831734,405236.8277,11.2260079701545,12.9122269349364,12,"conglobatus","G.conglobatus",27,"Re-sampling","A"
405236.8277,793.3474555,405236.8277,12.9122269349364,12.9122269349364,12,"conglobatus","G.conglobatus",27,"Re-sampling","A"
113014.8438,407.7875532,405236.8277,11.6352744501293,12.9122269349364,12,"conglobatus","G.conglobatus",27,"Re-sampling","A"
114233.873,404.1331682,405236.8277,11.646003143432,12.9122269349364,12,"conglobatus","G.conglobatus",27,"Re-sampling","A"
287007.4307,642.6439907,405236.8277,12.5672633853474,12.9122269349364,12,"conglobatus","G.conglobatus",27,"Re-sampling","A"
100584.6896,392.2506014,405236.8277,11.5187553342107,12.9122269349364,12,"conglobatus","G.conglobatus",27,"Re-sampling","A"
126148.1577,412.0319686,378533.1895,11.7452123499198,12.8440590349374,8,"conglobatus","G.conglobatus",31,"Re-sampling","A"
53453.2775,299.3275772,378533.1895,10.886563233563,12.8440590349374,8,"conglobatus","G.conglobatus",31,"Re-sampling","A"
223174.3337,585.0226195,378533.1895,12.3157085104936,12.8440590349374,8,"conglobatus","G.conglobatus",31,"Re-sampling","A"
175369.3341,512.1538387,378533.1895,12.0746495095415,12.8440590349374,8,"conglobatus","G.conglobatus",31,"Re-sampling","A"
80840.3606,343.4147284,378533.1895,11.3002316321706,12.8440590349374,8,"conglobatus","G.conglobatus",31,"Re-sampling","A"
285242.96,658.5902219,378533.1895,12.5610965873146,12.8440590349374,8,"conglobatus","G.conglobatus",31,"Re-sampling","A"
98123.6308,373.3627728,378533.1895,11.4939835013568,12.8440590349374,8,"conglobatus","G.conglobatus",31,"Re-sampling","A"
378533.1895,745.4682105,378533.1895,12.8440590349374,12.8440590349374,8,"conglobatus","G.conglobatus",31,"Re-sampling","A"
217749.0862,555.2079514,381469.5536,12.2910986981503,12.8517863194446,6,"conglobatus","G.conglobatus",44,"Re-sampling","A"
66214.81478,305.8114778,381469.5536,11.1006595051058,12.8517863194446,6,"conglobatus","G.conglobatus",44,"Re-sampling","A"
381469.5536,751.2115481,381469.5536,12.8517863194446,12.8517863194446,6,"conglobatus","G.conglobatus",44,"Re-sampling","A"
92812.93171,369.3053939,381469.5536,11.4383412593892,12.8517863194446,6,"conglobatus","G.conglobatus",44,"Re-sampling","A"
302401.0264,680.7032616,381469.5536,12.6195093174616,12.8517863194446,6,"conglobatus","G.conglobatus",44,"Re-sampling","A"
293059.8176,656.856837,381469.5536,12.5881320227937,12.8517863194446,6,"conglobatus","G.conglobatus",44,"Re-sampling","A"
425825.6055,786.5445676,425825.6055,12.9617851646734,12.9617851646734,2,"conglobatus","G.conglobatus",46,"Re-sampling","A"
160333.5461,482.4918868,425825.6055,11.9850115874459,12.9617851646734,2,"conglobatus","G.conglobatus",46,"Re-sampling","A"
54454.0292,291.5156014,235750.9631,10.9051121237868,12.3705312857472,5,"crassaformis","G.crassaformis",55,"Re-sampling","A"
30673.77037,216.3012329,235750.9631,10.3311631830381,12.3705312857472,5,"crassaformis","G.crassaformis",55,"Re-sampling","A"
29246.16527,208.8485806,235750.9631,10.2835037421851,12.3705312857472,5,"crassaformis","G.crassaformis",55,"Re-sampling","A"
235750.9631,588.520697,235750.9631,12.3705312857472,12.3705312857472,5,"crassaformis","G.crassaformis",55,"Re-sampling","A"
152799.5927,477.3164592,235750.9631,11.9368824901351,12.3705312857472,5,"crassaformis","G.crassaformis",55,"Re-sampling","A"
386229.6171,776.9538301,386229.6171,12.8641873345395,12.8641873345395,1,"dehiscens","S.dehiscens",27,"Re-sampling","A"
407224.0381,785.1864897,407224.0381,12.9171187751382,12.9171187751382,1,"dehiscens","S.dehiscens",44,"Re-sampling","A"
122166.9827,432.9540493,200958.1815,11.7131440985405,12.2108521131565,32,"dutertrei","N.dutertrei",20,"Re-sampling","A"
175642.3564,539.0205824,200958.1815,12.076205140664,12.2108521131565,32,"dutertrei","N.dutertrei",20,"Re-sampling","A"
66866.07215,331.4998881,200958.1815,11.1104469747256,12.2108521131565,32,"dutertrei","N.dutertrei",20,"Re-sampling","A"
98542.99321,398.421169,200958.1815,11.4982482112201,12.2108521131565,32,"dutertrei","N.dutertrei",20,"Re-sampling","A"
138421.9742,473.8521813,200958.1815,11.838062082684,12.2108521131565,32,"dutertrei","N.dutertrei",20,"Re-sampling","A"
81280.0997,344.6644692,200958.1815,11.3056564894356,12.2108521131565,32,"dutertrei","N.dutertrei",20,"Re-sampling","A"
113502.1106,406.8505126,200958.1815,11.6395767113254,12.2108521131565,32,"dutertrei","N.dutertrei",20,"Re-sampling","A"
107912.3682,407.6586333,200958.1815,11.5890747711831,12.2108521131565,32,"dutertrei","N.dutertrei",20,"Re-sampling","A"
161706.5681,507.0932631,200958.1815,11.9935386637879,12.2108521131565,32,"dutertrei","N.dutertrei",20,"Re-sampling","A"
146675.4577,475.0065388,200958.1815,11.8959776542937,12.2108521131565,32,"dutertrei","N.dutertrei",20,"Re-sampling","A"
148783.8242,478.9738895,200958.1815,11.9102496871386,12.2108521131565,32,"dutertrei","N.dutertrei",20,"Re-sampling","A"
76209.73539,345.1415756,200958.1815,11.2412444945376,12.2108521131565,32,"dutertrei","N.dutertrei",20,"Re-sampling","A"
90464.34987,393.1395318,200958.1815,11.4127111279911,12.2108521131565,32,"dutertrei","N.dutertrei",20,"Re-sampling","A"
146798.8742,471.5949655,200958.1815,11.8968187261958,12.2108521131565,32,"dutertrei","N.dutertrei",20,"Re-sampling","A"
166206.1307,499.1052725,200958.1815,12.0209840482081,12.2108521131565,32,"dutertrei","N.dutertrei",20,"Re-sampling","A"
124573.6059,438.6533095,200958.1815,11.7326520322381,12.2108521131565,32,"dutertrei","N.dutertrei",20,"Re-sampling","A"
54143.88016,291.5089272,200958.1815,10.8994002296065,12.2108521131565,32,"dutertrei","N.dutertrei",20,"Re-sampling","A"
68851.02208,339.8263059,200958.1815,11.139700349072,12.2108521131565,32,"dutertrei","N.dutertrei",20,"Re-sampling","A"
81372.66214,351.6653964,200958.1815,11.3067946496358,12.2108521131565,32,"dutertrei","N.dutertrei",20,"Re-sampling","A"
136781.5622,470.6835856,200958.1815,11.8261404958473,12.2108521131565,32,"dutertrei","N.dutertrei",20,"Re-sampling","A"
139527.581,474.9848865,200958.1815,11.8460175739625,12.2108521131565,32,"dutertrei","N.dutertrei",20,"Re-sampling","A"
133922.4115,445.9430928,200958.1815,11.8050158925803,12.2108521131565,32,"dutertrei","N.dutertrei",20,"Re-sampling","A"
199780.5816,571.6929279,200958.1815,12.2049749512842,12.2108521131565,32,"dutertrei","N.dutertrei",20,"Re-sampling","A"
191408.8239,528.2518525,200958.1815,12.1621668588192,12.2108521131565,32,"dutertrei","N.dutertrei",20,"Re-sampling","A"
51474.99671,275.1001138,200958.1815,10.8488514679815,12.2108521131565,32,"dutertrei","N.dutertrei",20,"Re-sampling","A"
79927.65973,335.9377526,200958.1815,11.2888772511973,12.2108521131565,32,"dutertrei","N.dutertrei",20,"Re-sampling","A"
137722.6136,440.3323546,200958.1815,11.8329968949082,12.2108521131565,32,"dutertrei","N.dutertrei",20,"Re-sampling","A"
103659.6387,414.3461612,200958.1815,11.5488681063045,12.2108521131565,32,"dutertrei","N.dutertrei",20,"Re-sampling","A"
78693.49398,361.7850477,200958.1815,11.2733157623733,12.2108521131565,32,"dutertrei","N.dutertrei",20,"Re-sampling","A"
200958.1815,566.7966906,200958.1815,12.2108521131565,12.2108521131565,32,"dutertrei","N.dutertrei",20,"Re-sampling","A"
91883.64049,378.8106134,200958.1815,11.4282782782427,12.2108521131565,32,"dutertrei","N.dutertrei",20,"Re-sampling","A"
82036.02623,358.1062785,200958.1815,11.3149137740312,12.2108521131565,32,"dutertrei","N.dutertrei",20,"Re-sampling","A"
67407.09563,324.4666392,111809.0016,11.1185055677687,11.6245473516677,11,"dutertrei","N.dutertrei",27,"Re-sampling","A"
79725.99066,372.3632921,111809.0016,11.2863509177653,11.6245473516677,11,"dutertrei","N.dutertrei",27,"Re-sampling","A"
78676.46182,344.9708816,111809.0016,11.2730993022493,11.6245473516677,11,"dutertrei","N.dutertrei",27,"Re-sampling","A"
109748.1452,418.5268869,111809.0016,11.6059434305668,11.6245473516677,11,"dutertrei","N.dutertrei",27,"Re-sampling","A"
104671.4013,396.3908763,111809.0016,11.5585812105495,11.6245473516677,11,"dutertrei","N.dutertrei",27,"Re-sampling","A"
73135.27124,357.4958156,111809.0016,11.2000660360721,11.6245473516677,11,"dutertrei","N.dutertrei",27,"Re-sampling","A"
87012.3748,362.5776261,111809.0016,11.3738056266022,11.6245473516677,11,"dutertrei","N.dutertrei",27,"Re-sampling","A"
99582.59379,396.5861096,111809.0016,11.5087426671556,11.6245473516677,11,"dutertrei","N.dutertrei",27,"Re-sampling","A"
111809.0016,420.4464758,111809.0016,11.6245473516677,11.6245473516677,11,"dutertrei","N.dutertrei",27,"Re-sampling","A"
104476.3739,408.2154413,111809.0016,11.5567162377441,11.6245473516677,11,"dutertrei","N.dutertrei",27,"Re-sampling","A"
61867.91564,319.5935956,111809.0016,11.0327569986089,11.6245473516677,11,"dutertrei","N.dutertrei",27,"Re-sampling","A"
163471.4783,492.3174859,317499.588,12.0043938094539,12.6682317996762,4,"dutertrei","N.dutertrei",31,"Re-sampling","A"
102129.0122,407.6545809,317499.588,11.5339921185387,12.6682317996762,4,"dutertrei","N.dutertrei",31,"Re-sampling","A"
154067.5393,497.4564445,317499.588,11.9451463521365,12.6682317996762,4,"dutertrei","N.dutertrei",31,"Re-sampling","A"
317499.588,728.5287319,317499.588,12.6682317996762,12.6682317996762,4,"dutertrei","N.dutertrei",31,"Re-sampling","A"
160100.2549,507.6689186,207123.2358,11.9835554911135,12.2410692371307,21,"dutertrei","N.dutertrei",44,"Re-sampling","A"
143175.1361,481.7558403,207123.2358,11.8718238878466,12.2410692371307,21,"dutertrei","N.dutertrei",44,"Re-sampling","A"
90720.73959,373.573926,207123.2358,11.4155412713754,12.2410692371307,21,"dutertrei","N.dutertrei",44,"Re-sampling","A"
135072.371,476.2233781,207123.2358,11.8135659952617,12.2410692371307,21,"dutertrei","N.dutertrei",44,"Re-sampling","A"
207123.2358,559.0568956,207123.2358,12.2410692371307,12.2410692371307,21,"dutertrei","N.dutertrei",44,"Re-sampling","A"
76634.5458,352.4663679,207123.2358,11.2468032436196,12.2410692371307,21,"dutertrei","N.dutertrei",44,"Re-sampling","A"
118341.114,419.4846223,207123.2358,11.6813265297405,12.2410692371307,21,"dutertrei","N.dutertrei",44,"Re-sampling","A"
89619.999,360.4353982,207123.2358,11.4033337771819,12.2410692371307,21,"dutertrei","N.dutertrei",44,"Re-sampling","A"
53867.28739,295.8884072,207123.2358,10.8942786596638,12.2410692371307,21,"dutertrei","N.dutertrei",44,"Re-sampling","A"
183757.9631,514.1612069,207123.2358,12.1213747527347,12.2410692371307,21,"dutertrei","N.dutertrei",44,"Re-sampling","A"
177104.2327,524.643559,207123.2358,12.0844937235418,12.2410692371307,21,"dutertrei","N.dutertrei",44,"Re-sampling","A"
95462.13862,380.3855575,207123.2358,11.4664849936192,12.2410692371307,21,"dutertrei","N.dutertrei",44,"Re-sampling","A"
134523.6436,457.4914542,207123.2358,11.8094952514226,12.2410692371307,21,"dutertrei","N.dutertrei",44,"Re-sampling","A"
58927.40833,303.6001647,207123.2358,10.9840615980765,12.2410692371307,21,"dutertrei","N.dutertrei",44,"Re-sampling","A"
38742.78307,234.2843763,207123.2358,10.5646997740812,12.2410692371307,21,"dutertrei","N.dutertrei",44,"Re-sampling","A"
47887.14447,277.007436,207123.2358,10.7766023647057,12.2410692371307,21,"dutertrei","N.dutertrei",44,"Re-sampling","A"
152845.2243,493.131058,207123.2358,11.9371810824737,12.2410692371307,21,"dutertrei","N.dutertrei",44,"Re-sampling","A"
164769.3664,493.4907355,207123.2358,12.0123019956839,12.2410692371307,21,"dutertrei","N.dutertrei",44,"Re-sampling","A"
141088.6576,474.7307061,207123.2358,11.8571437490676,12.2410692371307,21,"dutertrei","N.dutertrei",44,"Re-sampling","A"
120450.593,437.760218,207123.2358,11.6989949312355,12.2410692371307,21,"dutertrei","N.dutertrei",44,"Re-sampling","A"
37191.88886,242.553335,207123.2358,10.5238459750889,12.2410692371307,21,"dutertrei","N.dutertrei",44,"Re-sampling","A"
237989.9735,636.3214303,237989.9735,12.3799838236149,12.3799838236149,9,"dutertrei","N.dutertrei",46,"Re-sampling","A"
159170.3755,493.051094,237989.9735,11.977730451534,12.3799838236149,9,"dutertrei","N.dutertrei",46,"Re-sampling","A"
208440.8387,576.7186295,237989.9735,12.2474105327149,12.3799838236149,9,"dutertrei","N.dutertrei",46,"Re-sampling","A"
85098.74809,360.831734,237989.9735,11.3515676034074,12.3799838236149,9,"dutertrei","N.dutertrei",46,"Re-sampling","A"
161322.5698,513.6145209,237989.9735,11.9911611786893,12.3799838236149,9,"dutertrei","N.dutertrei",46,"Re-sampling","A"
59508.99365,306.8137519,237989.9735,10.9938827338927,12.3799838236149,9,"dutertrei","N.dutertrei",46,"Re-sampling","A"
87349.51617,349.813516,237989.9735,11.3776727765658,12.3799838236149,9,"dutertrei","N.dutertrei",46,"Re-sampling","A"
193835.4897,534.6686323,237989.9735,12.1747650870604,12.3799838236149,9,"dutertrei","N.dutertrei",46,"Re-sampling","A"
75783.52546,349.7101779,237989.9735,11.2356362057919,12.3799838236149,9,"dutertrei","N.dutertrei",46,"Re-sampling","A"
28968.60448,216.9514934,45276.51335,10.2739679183915,10.7205437079246,17,"falconensis","G.falconensis",25,"Re-sampling","A"
34433.39258,234.6187933,45276.51335,10.4467820870577,10.7205437079246,17,"falconensis","G.falconensis",25,"Re-sampling","A"
37141.65954,254.0670087,45276.51335,10.5224945172687,10.7205437079246,17,"falconensis","G.falconensis",25,"Re-sampling","A"
35350.22238,232.721523,45276.51335,10.4730599621112,10.7205437079246,17,"falconensis","G.falconensis",25,"Re-sampling","A"
33649.26184,232.5616378,45276.51335,10.4237463984281,10.7205437079246,17,"falconensis","G.falconensis",25,"Re-sampling","A"
38386.21577,242.6399486,45276.51335,10.5554537098098,10.7205437079246,17,"falconensis","G.falconensis",25,"Re-sampling","A"
34003.12597,230.6169341,45276.51335,10.4342077396662,10.7205437079246,17,"falconensis","G.falconensis",25,"Re-sampling","A"
36329.38051,251.2499672,45276.51335,10.500382073322,10.7205437079246,17,"falconensis","G.falconensis",25,"Re-sampling","A"
45041.27412,281.5878244,45276.51335,10.7153345510458,10.7205437079246,17,"falconensis","G.falconensis",25,"Re-sampling","A"
36735.52002,235.1751583,45276.51335,10.5114994139362,10.7205437079246,17,"falconensis","G.falconensis",25,"Re-sampling","A"
40248.02363,262.3980012,45276.51335,10.6028161792809,10.7205437079246,17,"falconensis","G.falconensis",25,"Re-sampling","A"
44546.66858,270.6954241,45276.51335,10.7042926507538,10.7205437079246,17,"falconensis","G.falconensis",25,"Re-sampling","A"
45276.51335,264.0060039,45276.51335,10.7205437079246,10.7205437079246,17,"falconensis","G.falconensis",25,"Re-sampling","A"
41227.18177,256.5594462,45276.51335,10.6268530694962,10.7205437079246,17,"falconensis","G.falconensis",25,"Re-sampling","A"
37081.34179,242.5529267,45276.51335,10.5208692053789,10.7205437079246,17,"falconensis","G.falconensis",25,"Re-sampling","A"
30166.9171,232.946041,45276.51335,10.3145011426429,10.7205437079246,17,"falconensis","G.falconensis",25,"Re-sampling","A"
37368.85639,243.5290986,45276.51335,10.5285929196564,10.7205437079246,17,"falconensis","G.falconensis",25,"Re-sampling","A"
28957.69207,212.3617347,84674.88082,10.2735911496085,11.3465742701857,51,"glutinata","G.glutinata",20,"Re-sampling","A"
29269.84239,214.1720516,84674.88082,10.2843129949772,11.3465742701857,51,"glutinata","G.glutinata",20,"Re-sampling","A"
33768.09275,224.7279145,84674.88082,10.4272716341418,11.3465742701857,51,"glutinata","G.glutinata",20,"Re-sampling","A"
30120.86273,215.0982301,84674.88082,10.3129733245979,11.3465742701857,51,"glutinata","G.glutinata",20,"Re-sampling","A"
27203.07871,204.7360714,84674.88082,10.2110854337465,11.3465742701857,51,"glutinata","G.glutinata",20,"Re-sampling","A"
27288.50932,207.6364311,84674.88082,10.2142209885388,11.3465742701857,51,"glutinata","G.glutinata",20,"Re-sampling","A"
65360.99066,321.7588538,84674.88082,11.0876808863958,11.3465742701857,51,"glutinata","G.glutinata",20,"Re-sampling","A"
57054.50642,301.0624433,84674.88082,10.9517623428805,11.3465742701857,51,"glutinata","G.glutinata",20,"Re-sampling","A"
43592.61326,271.6897782,84674.88082,10.6826429943416,11.3465742701857,51,"glutinata","G.glutinata",20,"Re-sampling","A"
35663.9952,245.0801759,84674.88082,10.4818969210361,11.3465742701857,51,"glutinata","G.glutinata",20,"Re-sampling","A"
45531.23102,281.3153389,84674.88082,10.726153765521,11.3465742701857,51,"glutinata","G.glutinata",20,"Re-sampling","A"
33886.38129,222.3983796,84674.88082,10.4307684807943,11.3465742701857,51,"glutinata","G.glutinata",20,"Re-sampling","A"
50459.92024,277.0608087,84674.88082,10.8289346415359,11.3465742701857,51,"glutinata","G.glutinata",20,"Re-sampling","A"
34096.67203,242.553335,84674.88082,10.4369550640808,11.3465742701857,51,"glutinata","G.glutinata",20,"Re-sampling","A"
39728.52091,249.2082863,84674.88082,10.589824619573,11.3465742701857,51,"glutinata","G.glutinata",20,"Re-sampling","A"
39133.79241,245.0801759,84674.88082,10.5747416287295,11.3465742701857,51,"glutinata","G.glutinata",20,"Re-sampling","A"
39028.64704,242.4720413,84674.88082,10.5720511949569,11.3465742701857,51,"glutinata","G.glutinata",20,"Re-sampling","A"
41450.27635,258.4191424,84674.88082,10.63224982761,11.3465742701857,51,"glutinata","G.glutinata",20,"Re-sampling","A"
39850.09525,258.679668,84674.88082,10.5928800744288,11.3465742701857,51,"glutinata","G.glutinata",20,"Re-sampling","A"
52345.96532,302.2986433,84674.88082,10.8656301420773,11.3465742701857,51,"glutinata","G.glutinata",20,"Re-sampling","A"
59817.85818,314.4299922,84674.88082,10.9990595271297,11.3465742701857,51,"glutinata","G.glutinata",20,"Re-sampling","A"
28596.25486,210.0593052,84674.88082,10.2610310392823,11.3465742701857,51,"glutinata","G.glutinata",20,"Re-sampling","A"
47348.27445,271.9557141,84674.88082,10.7652856555003,11.3465742701857,51,"glutinata","G.glutinata",20,"Re-sampling","A"
41446.99056,254.5502589,84674.88082,10.6321705538263,11.3465742701857,51,"glutinata","G.glutinata",20,"Re-sampling","A"
43043.88586,255.2270412,84674.88082,10.6699754756115,11.3465742701857,51,"glutinata","G.glutinata",20,"Re-sampling","A"
54445.58693,287.5705714,84674.88082,10.904957076959,11.3465742701857,51,"glutinata","G.glutinata",20,"Re-sampling","A"
36564.30243,241.8410885,84674.88082,10.5068276999899,11.3465742701857,51,"glutinata","G.glutinata",20,"Re-sampling","A"
44154.48383,259.5356482,84674.88082,10.6954497598787,11.3465742701857,51,"glutinata","G.glutinata",20,"Re-sampling","A"
84674.88082,368.521897,84674.88082,11.3465742701857,11.3465742701857,51,"glutinata","G.glutinata",20,"Re-sampling","A"
45143.50747,270.4533857,84674.88082,10.717601749391,11.3465742701857,51,"glutinata","G.glutinata",20,"Re-sampling","A"
60678.7359,310.3065555,84674.88082,11.0133486010108,11.3465742701857,51,"glutinata","G.glutinata",20,"Re-sampling","A"
77064.98466,349.1695038,84674.88082,11.2524043015281,11.3465742701857,51,"glutinata","G.glutinata",20,"Re-sampling","A"
30727.87217,224.5923491,84674.88082,10.3329254099676,11.3465742701857,51,"glutinata","G.glutinata",20,"Re-sampling","A"
59151.60632,309.5850341,84674.88082,10.987859025758,11.3465742701857,51,"glutinata","G.glutinata",20,"Re-sampling","A"
23624.45188,195.1322235,84674.88082,10.0700375512462,11.3465742701857,51,"glutinata","G.glutinata",20,"Re-sampling","A"
25429.96318,194.6525099,84674.88082,10.1436834105189,11.3465742701857,51,"glutinata","G.glutinata",20,"Re-sampling","A"
40308.34138,244.4355785,84674.88082,10.6043137086509,11.3465742701857,51,"glutinata","G.glutinata",20,"Re-sampling","A"
28085.95475,213.070785,84674.88082,10.2430248994038,11.3465742701857,51,"glutinata","G.glutinata",20,"Re-sampling","A"
26097.47961,203.6034838,84674.88082,10.1695940219813,11.3465742701857,51,"glutinata","G.glutinata",20,"Re-sampling","A"
22279.36606,185.4919268,84674.88082,10.0114162403151,11.3465742701857,51,"glutinata","G.glutinata",20,"Re-sampling","A"
25088.1626,184.333933,84674.88082,10.1301514043154,11.3465742701857,51,"glutinata","G.glutinata",20,"Re-sampling","A"
26425.20605,208.906444,84674.88082,10.1820736082482,11.3465742701857,51,"glutinata","G.glutinata",20,"Re-sampling","A"
29736.65049,220.3720279,84674.88082,10.3001355872423,11.3465742701857,51,"glutinata","G.glutinata",20,"Re-sampling","A"
30028.18628,202.350436,84674.88082,10.309891762217,11.3465742701857,51,"glutinata","G.glutinata",20,"Re-sampling","A"
39721.24862,259.1792179,84674.88082,10.5896415532139,11.3465742701857,51,"glutinata","G.glutinata",20,"Re-sampling","A"
32221.74177,221.2007197,84674.88082,10.3803967139291,11.3465742701857,51,"glutinata","G.glutinata",20,"Re-sampling","A"
28144.26191,210.6078402,84674.88082,10.2450987730028,11.3465742701857,51,"glutinata","G.glutinata",20,"Re-sampling","A"
30438.34698,213.5656142,84674.88082,10.3234585062961,11.3465742701857,51,"glutinata","G.glutinata",20,"Re-sampling","A"
28399.60704,215.9063857,84674.88082,10.2541305874339,11.3465742701857,51,"glutinata","G.glutinata",20,"Re-sampling","A"
26960.02342,205.5445507,84674.88082,10.2021104337202,11.3465742701857,51,"glutinata","G.glutinata",20,"Re-sampling","A"
33868.41633,241.6560251,84674.88082,10.4302381874113,11.3465742701857,51,"glutinata","G.glutinata",20,"Re-sampling","A"
38177.11423,250.7172458,50001.40372,10.5499915111335,10.8198063584162,18,"glutinata","G.glutinata",25,"Re-sampling","A"
27549.12678,206.4668597,50001.40372,10.223726118253,10.8198063584162,18,"glutinata","G.glutinata",25,"Re-sampling","A"
30910.83601,208.1833653,50001.40372,10.3388620813473,10.8198063584162,18,"glutinata","G.glutinata",25,"Re-sampling","A"
24527.20753,199.5337962,50001.40372,10.1075382917997,10.8198063584162,18,"glutinata","G.glutinata",25,"Re-sampling","A"
41182.94875,263.086711,50001.40372,10.6257795843805,10.8198063584162,18,"glutinata","G.glutinata",25,"Re-sampling","A"
26481.50261,206.8948917,50001.40372,10.1842017535316,10.8198063584162,18,"glutinata","G.glutinata",25,"Re-sampling","A"
44592.91219,253.8294888,50001.40372,10.7053302058724,10.8198063584162,18,"glutinata","G.glutinata",25,"Re-sampling","A"
35673.92763,238.629371,50001.40372,10.4821753824679,10.8198063584162,18,"glutinata","G.glutinata",25,"Re-sampling","A"
23495.77401,195.3742113,50001.40372,10.0645758545993,10.8198063584162,18,"glutinata","G.glutinata",25,"Re-sampling","A"
44054.07363,256.4144253,50001.40372,10.6931731045006,10.8198063584162,18,"glutinata","G.glutinata",25,"Re-sampling","A"
26843.40911,210.793917,50001.40372,10.1977755990406,10.8198063584162,18,"glutinata","G.glutinata",25,"Re-sampling","A"
34869.69097,237.6922913,50001.40372,10.4593732772846,10.8198063584162,18,"glutinata","G.glutinata",25,"Re-sampling","A"
49830.50343,260.7376755,50001.40372,10.8163825941744,10.8198063584162,18,"glutinata","G.glutinata",25,"Re-sampling","A"
39071.82752,256.1476865,50001.40372,10.5731569624863,10.8198063584162,18,"glutinata","G.glutinata",25,"Re-sampling","A"
44498.41438,264.3066531,50001.40372,10.7032088356094,10.8198063584162,18,"glutinata","G.glutinata",25,"Re-sampling","A"
50001.40372,284.7580749,50001.40372,10.8198063584162,10.8198063584162,18,"glutinata","G.glutinata",25,"Re-sampling","A"
31206.39299,216.5758356,50001.40372,10.3483782563334,10.8198063584162,18,"glutinata","G.glutinata",25,"Re-sampling","A"
28067.85942,218.797137,50001.40372,10.242380407809,10.8198063584162,18,"glutinata","G.glutinata",25,"Re-sampling","A"
34198.15336,232.7949469,52932.84635,10.4399269262713,10.8767793391477,24,"glutinata","G.glutinata",27,"Re-sampling","A"
29601.94085,220.1849142,52932.84635,10.2955952074193,10.8767793391477,24,"glutinata","G.glutinata",27,"Re-sampling","A"
29571.78198,225.6506892,52932.84635,10.2945758741353,10.8767793391477,24,"glutinata","G.glutinata",27,"Re-sampling","A"
26783.09136,208.4439626,52932.84635,10.1955260479826,10.8767793391477,24,"glutinata","G.glutinata",27,"Re-sampling","A"
33850.32101,215.3095717,52932.84635,10.4297037616042,10.8767793391477,24,"glutinata","G.glutinata",27,"Re-sampling","A"
33269.26002,231.1959753,52932.84635,10.412389127106,10.8767793391477,24,"glutinata","G.glutinata",27,"Re-sampling","A"
33818.15154,236.8618783,52932.84635,10.4287529651339,10.8767793391477,24,"glutinata","G.glutinata",27,"Re-sampling","A"
30438.34698,219.4531881,52932.84635,10.3234585062961,10.8767793391477,24,"glutinata","G.glutinata",27,"Re-sampling","A"
33500.47806,227.7614435,52932.84635,10.4193149881591,10.8767793391477,24,"glutinata","G.glutinata",27,"Re-sampling","A"
32348.40904,221.6819368,52932.84635,10.3843201191215,10.8767793391477,24,"glutinata","G.glutinata",27,"Re-sampling","A"
30428.29402,219.6866904,52932.84635,10.3231281788811,10.8767793391477,24,"glutinata","G.glutinata",27,"Re-sampling","A"
29501.41127,218.2819299,52932.84635,10.2921933808446,10.8767793391477,24,"glutinata","G.glutinata",27,"Re-sampling","A"
26750.92189,207.6079314,52932.84635,10.1943242149079,10.8767793391477,24,"glutinata","G.glutinata",27,"Re-sampling","A"
43056.82017,268.9069145,52932.84635,10.6702759216983,10.8767793391477,24,"glutinata","G.glutinata",27,"Re-sampling","A"
30458.45289,221.6955409,52932.84635,10.3241188336293,10.8767793391477,24,"glutinata","G.glutinata",27,"Re-sampling","A"
47932.50492,269.5939123,52932.84635,10.7775491528369,10.8767793391477,24,"glutinata","G.glutinata",27,"Re-sampling","A"
31536.13002,224.0770074,52932.84635,10.3588891522912,10.8767793391477,24,"glutinata","G.glutinata",27,"Re-sampling","A"
40666.2267,259.4583388,52932.84635,10.6131532161363,10.8767793391477,24,"glutinata","G.glutinata",27,"Re-sampling","A"
27124.89194,210.6460232,52932.84635,10.208207107056,10.8767793391477,24,"glutinata","G.glutinata",27,"Re-sampling","A"
34515.82684,239.4704471,52932.84635,10.4491732468118,10.8767793391477,24,"glutinata","G.glutinata",27,"Re-sampling","A"
33428.09676,216.5944019,52932.84635,10.4171520456965,10.8767793391477,24,"glutinata","G.glutinata",27,"Re-sampling","A"
52932.84635,295.1319221,52932.84635,10.8767793391477,10.8767793391477,24,"glutinata","G.glutinata",27,"Re-sampling","A"
33305.45067,226.9522788,52932.84635,10.4134763463576,10.8767793391477,24,"glutinata","G.glutinata",27,"Re-sampling","A"
34441.43495,233.8548543,52932.84635,10.4470156228886,10.8767793391477,24,"glutinata","G.glutinata",27,"Re-sampling","A"
27206.3645,204.1816329,81106.50982,10.2112062138835,11.3035185059327,62,"glutinata","G.glutinata",31,"Re-sampling","A"
29792.28344,216.1648899,81106.50982,10.302004693995,11.3035185059327,62,"glutinata","G.glutinata",31,"Re-sampling","A"
45087.64899,262.5627906,81106.50982,10.7163636296699,11.3035185059327,62,"glutinata","G.glutinata",31,"Re-sampling","A"
29595.13588,221.3617587,81106.50982,10.2953652984304,11.3035185059327,62,"glutinata","G.glutinata",31,"Re-sampling","A"
42324.29724,266.4571469,81106.50982,10.6531166029651,11.3035185059327,62,"glutinata","G.glutinata",31,"Re-sampling","A"
48583.73255,273.2574641,81106.50982,10.7910440326635,11.3035185059327,62,"glutinata","G.glutinata",31,"Re-sampling","A"
25389.32107,197.0487597,81106.50982,10.1420839342861,11.3035185059327,62,"glutinata","G.glutinata",31,"Re-sampling","A"
42892.73939,255.6386772,81106.50982,10.6664578456042,11.3035185059327,62,"glutinata","G.glutinata",31,"Re-sampling","A"
31793.33127,227.8858386,81106.50982,10.3670118382858,11.3035185059327,62,"glutinata","G.glutinata",31,"Re-sampling","A"
37425.18015,248.6737235,81106.50982,10.5300990229035,11.3035185059327,62,"glutinata","G.glutinata",31,"Re-sampling","A"
35502.99135,242.0312259,81106.50982,10.4773722352938,11.3035185059327,62,"glutinata","G.glutinata",31,"Re-sampling","A"
39695.66299,245.4084279,81106.50982,10.5889972161233,11.3035185059327,62,"glutinata","G.glutinata",31,"Re-sampling","A"
42771.16506,257.9482593,81106.50982,10.6636194409715,11.3035185059327,62,"glutinata","G.glutinata",31,"Re-sampling","A"
34027.67038,234.9566025,81106.50982,10.4349293073203,11.3035185059327,62,"glutinata","G.glutinata",31,"Re-sampling","A"
38732.92569,249.8403612,81106.50982,10.5644453103219,11.3035185059327,62,"glutinata","G.glutinata",31,"Re-sampling","A"
30728.7344,226.6351987,81106.50982,10.3329534697662,11.3035185059327,62,"glutinata","G.glutinata",31,"Re-sampling","A"
37973.90755,242.2347788,81106.50982,10.5446545594399,11.3035185059327,62,"glutinata","G.glutinata",31,"Re-sampling","A"
81106.50982,361.6821581,81106.50982,11.3035185059327,11.3035185059327,62,"glutinata","G.glutinata",31,"Re-sampling","A"
34047.38514,228.7780447,81106.50982,10.4355085139151,11.3035185059327,62,"glutinata","G.glutinata",31,"Re-sampling","A"
37083.4577,227.0407841,81106.50982,10.5209262650626,11.3035185059327,62,"glutinata","G.glutinata",31,"Re-sampling","A"
32677.20953,232.3055341,81106.50982,10.3944331576293,11.3035185059327,62,"glutinata","G.glutinata",31,"Re-sampling","A"
42110.7207,250.0178443,81106.50982,10.6480576357091,11.3035185059327,62,"glutinata","G.glutinata",31,"Re-sampling","A"
41052.69542,246.5838519,81106.50982,10.6226117746007,11.3035185059327,62,"glutinata","G.glutinata",31,"Re-sampling","A"
34119.67258,219.3412373,81106.50982,10.4376294054283,11.3035185059327,62,"glutinata","G.glutinata",31,"Re-sampling","A"
37513.89656,229.931308,81106.50982,10.5324667182459,11.3035185059327,62,"glutinata","G.glutinata",31,"Re-sampling","A"
47210.27115,271.6413982,81106.50982,10.7623667570104,11.3035185059327,62,"glutinata","G.glutinata",31,"Re-sampling","A"
45311.0829,275.3835473,81106.50982,10.721306937177,11.3035185059327,62,"glutinata","G.glutinata",31,"Re-sampling","A"
30308.15292,218.2825728,81106.50982,10.3191720285711,11.3035185059327,62,"glutinata","G.glutinata",31,"Re-sampling","A"
45258.51022,276.9362563,81106.50982,10.7201460026051,11.3035185059327,62,"glutinata","G.glutinata",31,"Re-sampling","A"
43937.62151,270.5809222,81106.50982,10.6905262140684,11.3035185059327,62,"glutinata","G.glutinata",31,"Re-sampling","A"
27643.37494,208.1974515,81106.50982,10.2271413739008,11.3035185059327,62,"glutinata","G.glutinata",31,"Re-sampling","A"
53334.98896,291.096738,81106.50982,10.884347848066,11.3035185059327,62,"glutinata","G.glutinata",31,"Re-sampling","A"
26884.3568,205.0808329,81106.50982,10.1992998648363,11.3035185059327,62,"glutinata","G.glutinata",31,"Re-sampling","A"
31717.08327,226.9168397,81106.50982,10.3646107191249,11.3035185059327,62,"glutinata","G.glutinata",31,"Re-sampling","A"
28293.04569,207.8208825,81106.50982,10.2503713180978,11.3035185059327,62,"glutinata","G.glutinata",31,"Re-sampling","A"
30002.04859,218.1990152,81106.50982,10.3090209446462,11.3035185059327,62,"glutinata","G.glutinata",31,"Re-sampling","A"
21627.93437,178.2847256,81106.50982,9.98174101600497,11.3035185059327,62,"glutinata","G.glutinata",31,"Re-sampling","A"
25878.32512,205.0744877,81106.50982,10.1611610293645,11.3035185059327,62,"glutinata","G.glutinata",31,"Re-sampling","A"
27782.35541,215.5149129,81106.50982,10.232156400691,11.3035185059327,62,"glutinata","G.glutinata",31,"Re-sampling","A"
29475.27358,216.4086673,81106.50982,10.2913070071267,11.3035185059327,62,"glutinata","G.glutinata",31,"Re-sampling","A"
40907.49769,249.5960381,81106.50982,10.6190686428342,11.3035185059327,62,"glutinata","G.glutinata",31,"Re-sampling","A"
27307.85578,198.2550281,81106.50982,10.214929697288,11.3035185059327,62,"glutinata","G.glutinata",31,"Re-sampling","A"
25755.67903,195.5747825,81106.50982,10.1564104266298,11.3035185059327,62,"glutinata","G.glutinata",31,"Re-sampling","A"
24991.6542,199.5035646,81106.50982,10.126297216116,11.3035185059327,62,"glutinata","G.glutinata",31,"Re-sampling","A"
28055.79587,215.5708811,81106.50982,10.241950515988,11.3035185059327,62,"glutinata","G.glutinata",31,"Re-sampling","A"
22775.9822,181.5866268,81106.50982,10.0334618474332,11.3035185059327,62,"glutinata","G.glutinata",31,"Re-sampling","A"
27597.38098,212.3429498,81106.50982,10.2254761551737,11.3035185059327,62,"glutinata","G.glutinata",31,"Re-sampling","A"
34891.80748,232.3800132,81106.50982,10.4600073379407,11.3035185059327,62,"glutinata","G.glutinata",31,"Re-sampling","A"
29903.5296,216.9051511,81106.50982,10.3057317992345,11.3035185059327,62,"glutinata","G.glutinata",31,"Re-sampling","A"
27687.8576,213.9418587,81106.50982,10.2287492422797,11.3035185059327,62,"glutinata","G.glutinata",31,"Re-sampling","A"
26839.38792,202.7673263,81106.50982,10.1976257860566,11.3035185059327,62,"glutinata","G.glutinata",31,"Re-sampling","A"
31437.61103,226.9168397,81106.50982,10.3557602586052,11.3035185059327,62,"glutinata","G.glutinata",31,"Re-sampling","A"
24879.06107,196.6921567,81106.50982,10.121781807797,11.3035185059327,62,"glutinata","G.glutinata",31,"Re-sampling","A"
22267.30251,188.459814,81106.50982,10.0108746262872,11.3035185059327,62,"glutinata","G.glutinata",31,"Re-sampling","A"
20972.48149,182.49781,81106.50982,9.95096645213572,11.3035185059327,62,"glutinata","G.glutinata",31,"Re-sampling","A"
25727.53074,190.9241383,81106.50982,10.15531693254,11.3035185059327,62,"glutinata","G.glutinata",31,"Re-sampling","A"
31260.67896,227.8982305,81106.50982,10.3501163235093,11.3035185059327,62,"glutinata","G.glutinata",31,"Re-sampling","A"
20266.76382,177.7595521,81106.50982,9.91673757302466,11.3035185059327,62,"glutinata","G.glutinata",31,"Re-sampling","A"
29119.39886,202.534172,81106.50982,10.2791598585536,11.3035185059327,62,"glutinata","G.glutinata",31,"Re-sampling","A"
28745.42881,213.5656142,81106.50982,10.2662340356709,11.3035185059327,62,"glutinata","G.glutinata",31,"Re-sampling","A"
36452.0266,247.9837821,81106.50982,10.5037523353425,11.3035185059327,62,"glutinata","G.glutinata",31,"Re-sampling","A"
29203.8437,204.6229975,81106.50982,10.2820556131551,11.3035185059327,62,"glutinata","G.glutinata",31,"Re-sampling","A"
28406.92194,220.4620662,90995.35686,10.2543881247336,11.4185637606808,76,"glutinata","G.glutinata",44,"Re-sampling","A"
67771.12697,331.1582659,90995.35686,11.1238915273264,11.4185637606808,76,"glutinata","G.glutinata",44,"Re-sampling","A"
38643.39816,256.6461163,90995.35686,10.562131228559,11.4185637606808,76,"glutinata","G.glutinata",44,"Re-sampling","A"
26960.21418,211.1107963,90995.35686,10.2021175093567,11.4185637606808,76,"glutinata","G.glutinata",44,"Re-sampling","A"
30458.54712,225.8408503,90995.35686,10.324121927347,11.4185637606808,76,"glutinata","G.glutinata",44,"Re-sampling","A"
41895.94361,258.4287715,90995.35686,10.6429442900065,11.4185637606808,76,"glutinata","G.glutinata",44,"Re-sampling","A"
48923.17374,280.9985568,90995.35686,10.798006463821,11.4185637606808,76,"glutinata","G.glutinata",44,"Re-sampling","A"
38862.44194,254.0025748,90995.35686,10.5677835603807,11.4185637606808,76,"glutinata","G.glutinata",44,"Re-sampling","A"
52607.43919,305.0915792,90995.35686,10.8706128181933,11.4185637606808,76,"glutinata","G.glutinata",44,"Re-sampling","A"
32912.60157,223.9921592,90995.35686,10.4016108898613,11.4185637606808,76,"glutinata","G.glutinata",44,"Re-sampling","A"
32968.63603,230.666995,90995.35686,10.4033119651767,11.4185637606808,76,"glutinata","G.glutinata",44,"Re-sampling","A"
50043.86285,273.0991282,90995.35686,10.8206551568453,11.4185637606808,76,"glutinata","G.glutinata",44,"Re-sampling","A"
26952.57312,221.9818373,90995.35686,10.2018340493305,11.4185637606808,76,"glutinata","G.glutinata",44,"Re-sampling","A"
31697.6727,226.6289314,90995.35686,10.3639985407665,11.4185637606808,76,"glutinata","G.glutinata",44,"Re-sampling","A"
33558.27132,236.9982577,90995.35686,10.4210386491233,11.4185637606808,76,"glutinata","G.glutinata",44,"Re-sampling","A"
36241.55764,246.2223799,90995.35686,10.4979617404695,11.4185637606808,76,"glutinata","G.glutinata",44,"Re-sampling","A"
28427.29811,222.9749856,90995.35686,10.2551051635477,11.4185637606808,76,"glutinata","G.glutinata",44,"Re-sampling","A"
30231.86228,228.7515397,90995.35686,10.316651689581,11.4185637606808,76,"glutinata","G.glutinata",44,"Re-sampling","A"
25434.54878,203.1455217,90995.35686,10.1438637169776,11.4185637606808,76,"glutinata","G.glutinata",44,"Re-sampling","A"
31394.57723,228.629028,90995.35686,10.3543904573005,11.4185637606808,76,"glutinata","G.glutinata",44,"Re-sampling","A"
33447.47592,235.9211097,90995.35686,10.4177316044133,11.4185637606808,76,"glutinata","G.glutinata",44,"Re-sampling","A"
30811.30949,223.2632275,90995.35686,10.3356370927972,11.4185637606808,76,"glutinata","G.glutinata",44,"Re-sampling","A"
35071.20162,238.2870803,90995.35686,10.4651356060203,11.4185637606808,76,"glutinata","G.glutinata",44,"Re-sampling","A"
31985.48604,233.2064743,90995.35686,10.3730375176418,11.4185637606808,76,"glutinata","G.glutinata",44,"Re-sampling","A"
43757.81574,273.2576304,90995.35686,10.6864255213163,11.4185637606808,76,"glutinata","G.glutinata",44,"Re-sampling","A"
40684.83526,266.7295557,90995.35686,10.6136107039644,11.4185637606808,76,"glutinata","G.glutinata",44,"Re-sampling","A"
29593.83359,213.0712805,90995.35686,10.2953212939474,11.4185637606808,76,"glutinata","G.glutinata",44,"Re-sampling","A"
30750.18099,226.1648588,90995.35686,10.333651159071,11.4185637606808,76,"glutinata","G.glutinata",44,"Re-sampling","A"
30838.05321,231.8811778,90995.35686,10.3365047001984,11.4185637606808,76,"glutinata","G.glutinata",44,"Re-sampling","A"
51518.58784,285.369748,90995.35686,10.8496979504647,11.4185637606808,76,"glutinata","G.glutinata",44,"Re-sampling","A"
30888.99362,219.8691725,90995.35686,10.3381552059063,11.4185637606808,76,"glutinata","G.glutinata",44,"Re-sampling","A"
27427.59248,204.0930588,90995.35686,10.2193048104843,11.4185637606808,76,"glutinata","G.glutinata",44,"Re-sampling","A"
27078.65064,205.2659008,90995.35686,10.2065008971289,11.4185637606808,76,"glutinata","G.glutinata",44,"Re-sampling","A"
30468.7352,225.2705941,90995.35686,10.3244563614365,11.4185637606808,76,"glutinata","G.glutinata",44,"Re-sampling","A"
37651.3336,249.5820745,90995.35686,10.5361236535835,11.4185637606808,76,"glutinata","G.glutinata",44,"Re-sampling","A"
41192.96589,243.3819777,90995.35686,10.6260227899362,11.4185637606808,76,"glutinata","G.glutinata",44,"Re-sampling","A"
28291.0325,212.0257425,90995.35686,10.250300160625,11.4185637606808,76,"glutinata","G.glutinata",44,"Re-sampling","A"
25244.79573,191.5392551,90995.35686,10.136375303757,11.4185637606808,76,"glutinata","G.glutinata",44,"Re-sampling","A"
26522.12662,189.6751631,90995.35686,10.1857346303759,11.4185637606808,76,"glutinata","G.glutinata",44,"Re-sampling","A"
32778.88299,224.5798389,90995.35686,10.3975397757563,11.4185637606808,76,"glutinata","G.glutinata",44,"Re-sampling","A"
25272.81296,198.0797326,90995.35686,10.1374845103723,11.4185637606808,76,"glutinata","G.glutinata",44,"Re-sampling","A"
28887.03535,213.2385687,90995.35686,10.2711481696415,11.4185637606808,76,"glutinata","G.glutinata",44,"Re-sampling","A"
25819.1489,203.4430792,90995.35686,10.1588717010378,11.4185637606808,76,"glutinata","G.glutinata",44,"Re-sampling","A"
35947.37674,232.3968601,90995.35686,10.4898113908067,11.4185637606808,76,"glutinata","G.glutinata",44,"Re-sampling","A"
29927.4933,215.3423611,90995.35686,10.3065328452511,11.4185637606808,76,"glutinata","G.glutinata",44,"Re-sampling","A"
38675.23592,237.3741047,90995.35686,10.5629547754873,11.4185637606808,76,"glutinata","G.glutinata",44,"Re-sampling","A"
50073.15358,286.9185534,90995.35686,10.8212402867638,11.4185637606808,76,"glutinata","G.glutinata",44,"Re-sampling","A"
31122.04602,216.4483746,90995.35686,10.3456717222751,11.4185637606808,76,"glutinata","G.glutinata",44,"Re-sampling","A"
39012.71617,243.3924426,90995.35686,10.5716429276082,11.4185637606808,76,"glutinata","G.glutinata",44,"Re-sampling","A"
27198.36062,198.7728822,90995.35686,10.2109119791442,11.4185637606808,76,"glutinata","G.glutinata",44,"Re-sampling","A"
20483.14052,181.2813688,90995.35686,9.92735741310032,11.4185637606808,76,"glutinata","G.glutinata",44,"Re-sampling","A"
26189.74042,206.4536704,90995.35686,10.1731230260361,11.4185637606808,76,"glutinata","G.glutinata",44,"Re-sampling","A"
28375.47994,211.6743605,90995.35686,10.2532806688257,11.4185637606808,76,"glutinata","G.glutinata",44,"Re-sampling","A"
36299.22163,239.1680004,90995.35686,10.4995515773233,11.4185637606808,76,"glutinata","G.glutinata",44,"Re-sampling","A"
29268.18264,211.978095,90995.35686,10.2842562882469,11.4185637606808,76,"glutinata","G.glutinata",44,"Re-sampling","A"
30820.35939,225.1333047,90995.35686,10.3359307697406,11.4185637606808,76,"glutinata","G.glutinata",44,"Re-sampling","A"
27344.04643,201.4142689,90995.35686,10.2162541033498,11.4185637606808,76,"glutinata","G.glutinata",44,"Re-sampling","A"
36630.96926,243.4671703,90995.35686,10.5086493162472,11.4185637606808,76,"glutinata","G.glutinata",44,"Re-sampling","A"
35834.77496,240.2876618,90995.35686,10.4866740685143,11.4185637606808,76,"glutinata","G.glutinata",44,"Re-sampling","A"
35742.28775,242.2543284,90995.35686,10.484089797577,11.4185637606808,76,"glutinata","G.glutinata",44,"Re-sampling","A"
31015.38678,219.8970877,90995.35686,10.3422387080694,11.4185637606808,76,"glutinata","G.glutinata",44,"Re-sampling","A"
28856.01135,212.2056106,90995.35686,10.2700736159157,11.4185637606808,76,"glutinata","G.glutinata",44,"Re-sampling","A"
37845.36661,243.3804441,90995.35686,10.5412638368413,11.4185637606808,76,"glutinata","G.glutinata",44,"Re-sampling","A"
34157.94153,226.5754545,90995.35686,10.4387503864264,11.4185637606808,76,"glutinata","G.glutinata",44,"Re-sampling","A"
44345.60941,267.1553525,90995.35686,10.6997689841899,11.4185637606808,76,"glutinata","G.glutinata",44,"Re-sampling","A"
48411.02573,278.5583664,90995.35686,10.7874828711001,11.4185637606808,76,"glutinata","G.glutinata",44,"Re-sampling","A"
38524.94659,239.986245,90995.35686,10.5590612738149,11.4185637606808,76,"glutinata","G.glutinata",44,"Re-sampling","A"
40437.01925,256.7122172,90995.35686,10.6075009624554,11.4185637606808,76,"glutinata","G.glutinata",44,"Re-sampling","A"
37195.94551,248.9507734,90995.35686,10.5239550426545,11.4185637606808,76,"glutinata","G.glutinata",44,"Re-sampling","A"
37839.33484,245.551691,90995.35686,10.5411044447872,11.4185637606808,76,"glutinata","G.glutinata",44,"Re-sampling","A"
90995.35686,373.6327207,90995.35686,11.4185637606808,11.4185637606808,76,"glutinata","G.glutinata",44,"Re-sampling","A"
81221.87085,362.6635677,90995.35686,11.3049398353261,11.4185637606808,76,"glutinata","G.glutinata",44,"Re-sampling","A"
36305.25341,249.0597791,90995.35686,10.4997177318203,11.4185637606808,76,"glutinata","G.glutinata",44,"Re-sampling","A"
38653.62446,253.5957107,90995.35686,10.5623958260742,11.4185637606808,76,"glutinata","G.glutinata",44,"Re-sampling","A"
55783.86531,288.8068465,90995.35686,10.9292399544063,11.4185637606808,76,"glutinata","G.glutinata",44,"Re-sampling","A"
29344.58512,212.7591605,90995.35686,10.2868633148792,11.4185637606808,76,"glutinata","G.glutinata",44,"Re-sampling","A"
27901.07289,202.080095,31126.27027,10.2364204219088,10.3458074448218,3,"humilis","T.humilis",55,"Re-sampling","A"
31126.27027,221.6489525,31126.27027,10.3458074448218,10.3458074448218,3,"humilis","T.humilis",55,"Re-sampling","A"
27354.18488,217.8810348,31126.27027,10.2166248082108,10.3458074448218,3,"humilis","T.humilis",55,"Re-sampling","A"
39466.69699,238.3960827,147456.9197,10.5832124810913,11.9012913422708,57,"inflata","G.inflata",10,"Re-sampling","A"
47468.67521,277.0278018,147456.9197,10.7678253032141,11.9012913422708,57,"inflata","G.inflata",10,"Re-sampling","A"
40682.80311,237.4248764,147456.9197,10.6135607541307,11.9012913422708,57,"inflata","G.inflata",10,"Re-sampling","A"
54854.49299,289.6045317,147456.9197,10.912439376478,11.9012913422708,57,"inflata","G.inflata",10,"Re-sampling","A"
45798.55615,260.6681839,147456.9197,10.7320078444962,11.9012913422708,57,"inflata","G.inflata",10,"Re-sampling","A"
40099.07217,247.9970559,147456.9197,10.5991084751217,11.9012913422708,57,"inflata","G.inflata",10,"Re-sampling","A"
40212.57541,243.2439434,147456.9197,10.6019350468331,11.9012913422708,57,"inflata","G.inflata",10,"Re-sampling","A"
26794.87132,197.7829111,147456.9197,10.1959657795289,11.9012913422708,57,"inflata","G.inflata",10,"Re-sampling","A"
29567.59325,206.0541629,147456.9197,10.2944342179209,11.9012913422708,57,"inflata","G.inflata",10,"Re-sampling","A"
35648.12381,231.5471113,147456.9197,10.481451796407,11.9012913422708,57,"inflata","G.inflata",10,"Re-sampling","A"
46317.42809,275.1336979,147456.9197,10.743273585878,11.9012913422708,57,"inflata","G.inflata",10,"Re-sampling","A"
50338.68563,271.0367438,147456.9197,10.8265291584954,11.9012913422708,57,"inflata","G.inflata",10,"Re-sampling","A"
46155.28061,267.013572,147456.9197,10.7397666561371,11.9012913422708,57,"inflata","G.inflata",10,"Re-sampling","A"
28416.34613,208.8678527,147456.9197,10.2547198265313,11.9012913422708,57,"inflata","G.inflata",10,"Re-sampling","A"
28335.27239,202.6421715,147456.9197,10.2518626817567,11.9012913422708,57,"inflata","G.inflata",10,"Re-sampling","A"
30199.96843,224.3447754,147456.9197,10.3155961579982,11.9012913422708,57,"inflata","G.inflata",10,"Re-sampling","A"
30556.69289,207.7001142,147456.9197,10.3273390204743,11.9012913422708,57,"inflata","G.inflata",10,"Re-sampling","A"
33264.55583,224.2182567,147456.9197,10.4122477196143,11.9012913422708,57,"inflata","G.inflata",10,"Re-sampling","A"
35291.39935,222.0929172,147456.9197,10.4713945687593,11.9012913422708,57,"inflata","G.inflata",10,"Re-sampling","A"
35964.31139,229.2245436,147456.9197,10.4902823754478,11.9012913422708,57,"inflata","G.inflata",10,"Re-sampling","A"
37642.53783,238.1238633,147456.9197,10.5358900151778,11.9012913422708,57,"inflata","G.inflata",10,"Re-sampling","A"
52389.85127,274.440349,147456.9197,10.8664681734977,11.9012913422708,57,"inflata","G.inflata",10,"Re-sampling","A"
46633.61568,260.7770192,147456.9197,10.7500769265776,11.9012913422708,57,"inflata","G.inflata",10,"Re-sampling","A"
35372.47309,225.8215732,147456.9197,10.4736892003093,11.9012913422708,57,"inflata","G.inflata",10,"Re-sampling","A"
56621.90054,293.9392548,147456.9197,10.9441511246868,11.9012913422708,57,"inflata","G.inflata",10,"Re-sampling","A"
72309.66937,324.2724807,147456.9197,11.1887131387619,11.9012913422708,57,"inflata","G.inflata",10,"Re-sampling","A"
62929.43757,314.834489,147456.9197,11.0497693390903,11.9012913422708,57,"inflata","G.inflata",10,"Re-sampling","A"
52324.99228,281.8727832,147456.9197,10.8652293997748,11.9012913422708,57,"inflata","G.inflata",10,"Re-sampling","A"
63602.34961,311.5469185,147456.9197,11.0604056921993,11.9012913422708,57,"inflata","G.inflata",10,"Re-sampling","A"
24411.30334,191.535552,147456.9197,10.1028015556527,11.9012913422708,57,"inflata","G.inflata",10,"Re-sampling","A"
54059.97033,285.8853582,147456.9197,10.8978492709957,11.9012913422708,57,"inflata","G.inflata",10,"Re-sampling","A"
85800.33983,362.5197012,147456.9197,11.3597782461908,11.9012913422708,57,"inflata","G.inflata",10,"Re-sampling","A"
52868.18634,287.6382319,147456.9197,10.8755570444989,11.9012913422708,57,"inflata","G.inflata",10,"Re-sampling","A"
88313.62579,361.2988098,147456.9197,11.3886496871446,11.9012913422708,57,"inflata","G.inflata",10,"Re-sampling","A"
86513.78875,374.3365511,147456.9197,11.3680590877304,11.9012913422708,57,"inflata","G.inflata",10,"Re-sampling","A"
93088.86912,364.3044243,147456.9197,11.4413098977931,11.9012913422708,57,"inflata","G.inflata",10,"Re-sampling","A"
56378.67931,292.4044579,147456.9197,10.9398463395977,11.9012913422708,57,"inflata","G.inflata",10,"Re-sampling","A"
67639.8219,322.7688908,147456.9197,11.1219521699517,11.9012913422708,57,"inflata","G.inflata",10,"Re-sampling","A"
65961.59547,307.6845902,147456.9197,11.0968279648285,11.9012913422708,57,"inflata","G.inflata",10,"Re-sampling","A"
105468.8293,402.7257359,147456.9197,11.5661707313702,11.9012913422708,57,"inflata","G.inflata",10,"Re-sampling","A"
73323.09113,331.8836907,147456.9197,11.202630860503,11.9012913422708,57,"inflata","G.inflata",10,"Re-sampling","A"
114354.5113,403.6406687,147456.9197,11.6470586503562,11.9012913422708,57,"inflata","G.inflata",10,"Re-sampling","A"
95294.07487,387.2389325,147456.9197,11.4647229142572,11.9012913422708,57,"inflata","G.inflata",10,"Re-sampling","A"
33961.79,224.5795496,147456.9197,10.4329913481057,11.9012913422708,57,"inflata","G.inflata",10,"Re-sampling","A"
88540.63227,357.2935938,147456.9197,11.3912168473268,11.9012913422708,57,"inflata","G.inflata",10,"Re-sampling","A"
147456.9197,480.2906563,147456.9197,11.9012913422708,11.9012913422708,57,"inflata","G.inflata",10,"Re-sampling","A"
130958.4134,445.725478,147456.9197,11.782635096822,11.9012913422708,57,"inflata","G.inflata",10,"Re-sampling","A"
86238.13803,363.8367819,147456.9197,11.3648677953485,11.9012913422708,57,"inflata","G.inflata",10,"Re-sampling","A"
31853.87274,212.0268597,147456.9197,10.3689142467011,11.9012913422708,57,"inflata","G.inflata",10,"Re-sampling","A"
91864.65564,377.3994538,147456.9197,11.4280716385028,11.9012913422708,57,"inflata","G.inflata",10,"Re-sampling","A"
95975.09429,379.1141353,147456.9197,11.4718440023119,11.9012913422708,57,"inflata","G.inflata",10,"Re-sampling","A"
120199.928,417.6968878,147456.9197,11.6969117020814,11.9012913422708,57,"inflata","G.inflata",10,"Re-sampling","A"
131955.6204,429.4207998,147456.9197,11.7902209359467,11.9012913422708,57,"inflata","G.inflata",10,"Re-sampling","A"
133755.4575,468.5591638,147456.9197,11.8037684676641,11.9012913422708,57,"inflata","G.inflata",10,"Re-sampling","A"
127585.7458,438.8330621,147456.9197,11.7565439336214,11.9012913422708,57,"inflata","G.inflata",10,"Re-sampling","A"
119624.3045,427.7656284,147456.9197,11.6921113147363,11.9012913422708,57,"inflata","G.inflata",10,"Re-sampling","A"
104017.6094,404.894074,147456.9197,11.5523154849441,11.9012913422708,57,"inflata","G.inflata",10,"Re-sampling","A"
40886.0499,245.0116957,109231.53,10.6185442056109,11.6012250368804,10,"inflata","G.inflata",20,"Re-sampling","A"
41347.06064,245.8911366,109231.53,10.6297566130401,11.6012250368804,10,"inflata","G.inflata",20,"Re-sampling","A"
78418.94703,347.2496621,109231.53,11.2698208484417,11.6012250368804,10,"inflata","G.inflata",20,"Re-sampling","A"
50534.16433,279.1114031,109231.53,10.8304049079122,11.6012250368804,10,"inflata","G.inflata",20,"Re-sampling","A"
56240.76423,289.7431207,109231.53,10.9373971151191,11.6012250368804,10,"inflata","G.inflata",20,"Re-sampling","A"
31306.70502,216.6071754,109231.53,10.3515875714782,11.6012250368804,10,"inflata","G.inflata",20,"Re-sampling","A"
109231.53,409.4835048,109231.53,11.6012250368804,11.6012250368804,10,"inflata","G.inflata",20,"Re-sampling","A"
73081.66514,325.7787682,109231.53,11.1993327953993,11.6012250368804,10,"inflata","G.inflata",20,"Re-sampling","A"
56636.82595,286.461015,109231.53,10.944414687779,11.6012250368804,10,"inflata","G.inflata",20,"Re-sampling","A"
45785.24422,255.8509443,109231.53,10.731717139589,11.6012250368804,10,"inflata","G.inflata",20,"Re-sampling","A"
119205.2775,428.2980752,136366.9734,11.6886023069622,11.8231048645746,30,"inflata","G.inflata",25,"Re-sampling","A"
115705.9082,425.7125655,136366.9734,11.6588069767008,11.8231048645746,30,"inflata","G.inflata",25,"Re-sampling","A"
119928.1519,422.0771432,136366.9734,11.6946481082846,11.8231048645746,30,"inflata","G.inflata",25,"Re-sampling","A"
108710.4552,396.6778694,136366.9734,11.5964432524766,11.8231048645746,30,"inflata","G.inflata",25,"Re-sampling","A"
92396.49393,376.0592011,136366.9734,11.4338443124293,11.8231048645746,30,"inflata","G.inflata",25,"Re-sampling","A"
104987.652,387.7770266,136366.9734,11.5615980222242,11.8231048645746,30,"inflata","G.inflata",25,"Re-sampling","A"
81809.66948,342.9072493,136366.9734,11.3121507244067,11.8231048645746,30,"inflata","G.inflata",25,"Re-sampling","A"
136366.9734,448.4897913,136366.9734,11.8231048645746,11.8231048645746,30,"inflata","G.inflata",25,"Re-sampling","A"
78816.31223,347.8306732,136366.9734,11.2748752624177,11.8231048645746,30,"inflata","G.inflata",25,"Re-sampling","A"
76476.82774,332.2788139,136366.9734,11.2447430685701,11.8231048645746,30,"inflata","G.inflata",25,"Re-sampling","A"
29565.56374,211.5556284,136366.9734,10.2943655758898,11.8231048645746,30,"inflata","G.inflata",25,"Re-sampling","A"
79716.61946,330.3747353,136366.9734,11.2862333682595,11.8231048645746,30,"inflata","G.inflata",25,"Re-sampling","A"
79213.89316,334.8007408,136366.9734,11.2799069811053,11.8231048645746,30,"inflata","G.inflata",25,"Re-sampling","A"
69044.3644,321.4625701,136366.9734,11.1425045392865,11.8231048645746,30,"inflata","G.inflata",25,"Re-sampling","A"
36239.00895,229.5737719,136366.9734,10.4978914129287,11.8231048645746,30,"inflata","G.inflata",25,"Re-sampling","A"
68755.21463,320.69505,136366.9734,11.1383078618161,11.8231048645746,30,"inflata","G.inflata",25,"Re-sampling","A"
67693.90355,317.1301727,136366.9734,11.1227514038854,11.8231048645746,30,"inflata","G.inflata",25,"Re-sampling","A"
98432.49533,379.940437,136366.9734,11.4971262656176,11.8231048645746,30,"inflata","G.inflata",25,"Re-sampling","A"
55605.47179,293.9945237,136366.9734,10.9260368888856,11.8231048645746,30,"inflata","G.inflata",25,"Re-sampling","A"
58832.12033,294.5974297,136366.9734,10.9824432488544,11.8231048645746,30,"inflata","G.inflata",25,"Re-sampling","A"
68899.78952,329.6130146,136366.9734,11.140408402135,11.8231048645746,30,"inflata","G.inflata",25,"Re-sampling","A"
56088.48333,281.1985136,136366.9734,10.934685782201,11.8231048645746,30,"inflata","G.inflata",25,"Re-sampling","A"
62472.77877,310.3912549,136366.9734,11.0424862011695,11.8231048645746,30,"inflata","G.inflata",25,"Re-sampling","A"
118061.8216,422.4817597,136366.9734,11.6789636781183,11.8231048645746,30,"inflata","G.inflata",25,"Re-sampling","A"
82910.41007,357.2120913,136366.9734,11.3255159070635,11.8231048645746,30,"inflata","G.inflata",25,"Re-sampling","A"
31977.33567,218.0039157,136366.9734,10.3727826705345,11.8231048645746,30,"inflata","G.inflata",25,"Re-sampling","A"
38709.92514,239.2869106,136366.9734,10.5638513097026,11.8231048645746,30,"inflata","G.inflata",25,"Re-sampling","A"
56121.34126,277.1497404,136366.9734,10.9352714337882,11.8231048645746,30,"inflata","G.inflata",25,"Re-sampling","A"
44433.77622,259.237961,136366.9734,10.7017551848909,11.8231048645746,30,"inflata","G.inflata",25,"Re-sampling","A"
36209.43681,233.2935322,136366.9734,10.4970750492005,11.8231048645746,30,"inflata","G.inflata",25,"Re-sampling","A"
677857.5464,1044.265511,831824.6874,13.4266924362921,13.6313769853408,36,"menardii","G.menardii",20,"Re-sampling","A"
679179.0483,1030.542265,831824.6874,13.4286400658886,13.6313769853408,36,"menardii","G.menardii",20,"Re-sampling","A"
658035.0168,1038.828405,831824.6874,13.3970134259128,13.6313769853408,36,"menardii","G.menardii",20,"Re-sampling","A"
222660.9216,646.7736699,831824.6874,12.3134053623202,13.6313769853408,36,"menardii","G.menardii",20,"Re-sampling","A"
638796.2181,1054.363852,831824.6874,13.3673407749861,13.6313769853408,36,"menardii","G.menardii",20,"Re-sampling","A"
317419.9098,786.6096804,831824.6874,12.6679808128954,13.6313769853408,36,"menardii","G.menardii",20,"Re-sampling","A"
279169.3189,660.9889476,831824.6874,12.5395737545054,13.6313769853408,36,"menardii","G.menardii",20,"Re-sampling","A"
279971.9489,697.3728854,831824.6874,12.5424446946328,13.6313769853408,36,"menardii","G.menardii",20,"Re-sampling","A"
99185.61443,377.667886,831824.6874,11.5047482669305,13.6313769853408,36,"menardii","G.menardii",20,"Re-sampling","A"
186088.5571,548.3634784,831824.6874,12.1339779528302,13.6313769853408,36,"menardii","G.menardii",20,"Re-sampling","A"
587363.0369,983.3734069,831824.6874,13.2833983691409,13.6313769853408,36,"menardii","G.menardii",20,"Re-sampling","A"
464017.4478,861.5983444,831824.6874,13.0476774335187,13.6313769853408,36,"menardii","G.menardii",20,"Re-sampling","A"
658107.9831,1019.413169,831824.6874,13.3971243048979,13.6313769853408,36,"menardii","G.menardii",20,"Re-sampling","A"
376441.593,762.9291018,831824.6874,12.8385181827138,13.6313769853408,36,"menardii","G.menardii",20,"Re-sampling","A"
456712.7037,864.4166424,831824.6874,13.031809815077,13.6313769853408,36,"menardii","G.menardii",20,"Re-sampling","A"
544839.8599,923.707888,831824.6874,13.2082471954215,13.6313769853408,36,"menardii","G.menardii",20,"Re-sampling","A"
308518.013,699.2189115,831824.6874,12.6395355096019,13.6313769853408,36,"menardii","G.menardii",20,"Re-sampling","A"
624527.2397,1005.016019,831824.6874,13.3447502260112,13.6313769853408,36,"menardii","G.menardii",20,"Re-sampling","A"
246966.8291,671.7864079,831824.6874,12.41700931145,13.6313769853408,36,"menardii","G.menardii",20,"Re-sampling","A"
384573.2892,801.5213216,831824.6874,12.859889658867,13.6313769853408,36,"menardii","G.menardii",20,"Re-sampling","A"
621835.5915,979.2425049,831824.6874,13.3404310144347,13.6313769853408,36,"menardii","G.menardii",20,"Re-sampling","A"
646182.0359,1038.098443,831824.6874,13.3788365323885,13.6313769853408,36,"menardii","G.menardii",20,"Re-sampling","A"
519788.074,924.5983232,831824.6874,13.1611764574865,13.6313769853408,36,"menardii","G.menardii",20,"Re-sampling","A"
418794.5152,827.5591883,831824.6874,12.9451356614267,13.6313769853408,36,"menardii","G.menardii",20,"Re-sampling","A"
687302.6372,1096.730653,831824.6874,13.4405299941458,13.6313769853408,36,"menardii","G.menardii",20,"Re-sampling","A"
831824.6874,1153.188823,831824.6874,13.6313769853408,13.6313769853408,36,"menardii","G.menardii",20,"Re-sampling","A"
323727.4468,776.2449716,831824.6874,12.6876572271755,13.6313769853408,36,"menardii","G.menardii",20,"Re-sampling","A"
103482.5227,414.0415738,831824.6874,11.5471580146267,13.6313769853408,36,"menardii","G.menardii",20,"Re-sampling","A"
417975.6704,837.8164759,831824.6874,12.9431785050282,13.6313769853408,36,"menardii","G.menardii",20,"Re-sampling","A"
529833.1105,926.4028807,831824.6874,13.1803173500923,13.6313769853408,36,"menardii","G.menardii",20,"Re-sampling","A"
410922.255,799.2574259,831824.6874,12.9261593150013,13.6313769853408,36,"menardii","G.menardii",20,"Re-sampling","A"
487472.081,891.2917865,831824.6874,13.0969882980365,13.6313769853408,36,"menardii","G.menardii",20,"Re-sampling","A"
523501.2514,902.4332251,831824.6874,13.1682946997388,13.6313769853408,36,"menardii","G.menardii",20,"Re-sampling","A"
275115.6318,715.924709,831824.6874,12.5249467675448,13.6313769853408,36,"menardii","G.menardii",20,"Re-sampling","A"
808070.0814,1138.396913,831824.6874,13.602404068148,13.6313769853408,36,"menardii","G.menardii",20,"Re-sampling","A"
382627.5194,779.9023225,831824.6874,12.8548172607409,13.6313769853408,36,"menardii","G.menardii",20,"Re-sampling","A"
73905.06592,348.3117577,73905.06592,11.2105366556017,11.2105366556017,1,"menardii","G.menardii",27,"Re-sampling","A"
327752.4285,722.1496885,1221082.224,12.7000138112095,14.0152480923488,29,"menardii","G.menardii",44,"Re-sampling","A"
82835.08743,364.9536191,1221082.224,11.3246070118438,14.0152480923488,29,"menardii","G.menardii",44,"Re-sampling","A"
314172.564,689.5981275,1221082.224,12.6576976808128,14.0152480923488,29,"menardii","G.menardii",44,"Re-sampling","A"
216923.2118,641.5681229,1221082.224,12.2872987072256,14.0152480923488,29,"menardii","G.menardii",44,"Re-sampling","A"
529280.9552,1002.940872,1221082.224,13.1792746760916,14.0152480923488,29,"menardii","G.menardii",44,"Re-sampling","A"
426128.2211,876.6552198,1221082.224,12.9624955684612,14.0152480923488,29,"menardii","G.menardii",44,"Re-sampling","A"
1221082.224,1427.827089,1221082.224,14.0152480923488,14.0152480923488,29,"menardii","G.menardii",44,"Re-sampling","A"
447801.7683,834.82503,1221082.224,13.0121059320001,14.0152480923488,29,"menardii","G.menardii",44,"Re-sampling","A"
356393.218,738.953585,1221082.224,12.783789945217,14.0152480923488,29,"menardii","G.menardii",44,"Re-sampling","A"
588690.2549,971.3705227,1221082.224,13.2856554412867,14.0152480923488,29,"menardii","G.menardii",44,"Re-sampling","A"
399969.7724,846.1671685,1221082.224,12.8991442542346,14.0152480923488,29,"menardii","G.menardii",44,"Re-sampling","A"
600747.3389,1001.192245,1221082.224,13.3059297239593,14.0152480923488,29,"menardii","G.menardii",44,"Re-sampling","A"
523335.8533,924.4644303,1221082.224,13.1679787038677,14.0152480923488,29,"menardii","G.menardii",44,"Re-sampling","A"
729015.5214,1118.096693,1221082.224,13.4994503021222,14.0152480923488,29,"menardii","G.menardii",44,"Re-sampling","A"
632391.9694,988.0633498,1221082.224,13.3572646856283,14.0152480923488,29,"menardii","G.menardii",44,"Re-sampling","A"
754589.8898,1094.517856,1221082.224,13.5339296883309,14.0152480923488,29,"menardii","G.menardii",44,"Re-sampling","A"
436579.0845,835.262193,1221082.224,12.9867248165451,14.0152480923488,29,"menardii","G.menardii",44,"Re-sampling","A"
163813.6342,519.4861975,1221082.224,12.0064846838113,14.0152480923488,29,"menardii","G.menardii",44,"Re-sampling","A"
956577.3367,1221.650193,1221082.224,13.7711169184361,14.0152480923488,29,"menardii","G.menardii",44,"Re-sampling","A"
642363.0527,1015.302399,1221082.224,13.3729089254837,14.0152480923488,29,"menardii","G.menardii",44,"Re-sampling","A"
178373.9191,524.0438826,1221082.224,12.0916372950551,14.0152480923488,29,"menardii","G.menardii",44,"Re-sampling","A"
282569.6536,670.8144818,1221082.224,12.5516803605933,14.0152480923488,29,"menardii","G.menardii",44,"Re-sampling","A"
531137.4958,925.3102093,1221082.224,13.182776204182,14.0152480923488,29,"menardii","G.menardii",44,"Re-sampling","A"
287909.8153,698.6588306,1221082.224,12.5704025687597,14.0152480923488,29,"menardii","G.menardii",44,"Re-sampling","A"
431676.9829,839.8448747,1221082.224,12.9754328627721,14.0152480923488,29,"menardii","G.menardii",44,"Re-sampling","A"
627990.5079,1002.150205,1221082.224,13.3502803305272,14.0152480923488,29,"menardii","G.menardii",44,"Re-sampling","A"
1124625.552,1349.388433,1221082.224,13.9329606955496,14.0152480923488,29,"menardii","G.menardii",44,"Re-sampling","A"
655066.7969,985.4419828,1221082.224,13.3924924894178,14.0152480923488,29,"menardii","G.menardii",44,"Re-sampling","A"
364632.9207,788.4472499,1221082.224,12.8066464298,14.0152480923488,29,"menardii","G.menardii",44,"Re-sampling","A"
554858.6893,900.4838902,554858.6893,13.2264687464351,13.2264687464351,1,"menardii","G.menardii",46,"Re-sampling","A"
178065.1543,519.7789082,511531.6577,12.0899047976929,13.1451647543452,23,"menardii","G.menardii",55,"Re-sampling","A"
254781.6026,629.6588645,511531.6577,12.4481619967767,13.1451647543452,23,"menardii","G.menardii",55,"Re-sampling","A"
329157.1884,733.402796,511531.6577,12.7042906919406,13.1451647543452,23,"menardii","G.menardii",55,"Re-sampling","A"
394993.9462,817.5874555,511531.6577,12.8866257176899,13.1451647543452,23,"menardii","G.menardii",55,"Re-sampling","A"
438007.2946,831.7399657,511531.6577,12.9899908435578,13.1451647543452,23,"menardii","G.menardii",55,"Re-sampling","A"
502487.4162,906.9878521,511531.6577,13.1273258762137,13.1451647543452,23,"menardii","G.menardii",55,"Re-sampling","A"
151038.8327,467.1106139,511531.6577,11.9252922529331,13.1451647543452,23,"menardii","G.menardii",55,"Re-sampling","A"
361809.5602,793.5397362,511531.6577,12.7988732755854,13.1451647543452,23,"menardii","G.menardii",55,"Re-sampling","A"
188013.8199,526.0739389,511531.6577,12.1442707492167,13.1451647543452,23,"menardii","G.menardii",55,"Re-sampling","A"
445043.1825,846.575239,511531.6577,13.0059265957662,13.1451647543452,23,"menardii","G.menardii",55,"Re-sampling","A"
339119.1543,757.2526067,511531.6577,12.7341068122159,13.1451647543452,23,"menardii","G.menardii",55,"Re-sampling","A"
390844.2354,815.9183014,511531.6577,12.8760643846591,13.1451647543452,23,"menardii","G.menardii",55,"Re-sampling","A"
511531.6577,928.487543,511531.6577,13.1451647543452,13.1451647543452,23,"menardii","G.menardii",55,"Re-sampling","A"
153233.3913,514.0151305,511531.6577,11.9397174714163,13.1451647543452,23,"menardii","G.menardii",55,"Re-sampling","A"
180485.8189,548.5986106,511531.6577,12.1034074880177,13.1451647543452,23,"menardii","G.menardii",55,"Re-sampling","A"
31974.05369,228.5981086,511531.6577,10.3726800307003,13.1451647543452,23,"menardii","G.menardii",55,"Re-sampling","A"
290785.6639,674.4618192,511531.6577,12.5803417245955,13.1451647543452,23,"menardii","G.menardii",55,"Re-sampling","A"
151411.2426,529.124253,511531.6577,11.9277548748243,13.1451647543452,23,"menardii","G.menardii",55,"Re-sampling","A"
37400.59858,239.980286,511531.6577,10.5294419880874,13.1451647543452,23,"menardii","G.menardii",55,"Re-sampling","A"
69893.36613,344.7491455,511531.6577,11.1547260185679,13.1451647543452,23,"menardii","G.menardii",55,"Re-sampling","A"
108411.1945,382.2360539,511531.6577,11.5936866329509,13.1451647543452,23,"menardii","G.menardii",55,"Re-sampling","A"
216649.4845,576.4743471,511531.6577,12.2860360477514,13.1451647543452,23,"menardii","G.menardii",55,"Re-sampling","A"
76131.23267,373.6315395,511531.6577,11.240213875815,13.1451647543452,23,"menardii","G.menardii",55,"Re-sampling","A"
208142.2587,566.2768303,217765.0172,12.2459770609635,12.291171857664,2,"obliquiloculata","P.obliquiloculata",20,"Re-sampling","A"
217765.0172,573.3633218,217765.0172,12.291171857664,12.291171857664,2,"obliquiloculata","P.obliquiloculata",20,"Re-sampling","A"
129808.4875,438.4624632,187910.0484,11.7738154701744,12.1437186613533,3,"obliquiloculata","P.obliquiloculata",25,"Re-sampling","A"
73400.30532,323.7455007,187910.0484,11.203683374267,12.1437186613533,3,"obliquiloculata","P.obliquiloculata",25,"Re-sampling","A"
187910.0484,537.0810768,187910.0484,12.1437186613533,12.1437186613533,3,"obliquiloculata","P.obliquiloculata",25,"Re-sampling","A"
163031.1821,488.2562094,276745.8998,12.0016967627201,12.5308550349236,7,"obliquiloculata","P.obliquiloculata",27,"Re-sampling","A"
36580.7314,247.249217,276745.8998,10.5072769162775,12.5308550349236,7,"obliquiloculata","P.obliquiloculata",27,"Re-sampling","A"
276745.8998,618.3110588,276745.8998,12.5308550349236,12.5308550349236,7,"obliquiloculata","P.obliquiloculata",27,"Re-sampling","A"
97397.47059,370.0212166,276745.8998,11.4865555199916,12.5308550349236,7,"obliquiloculata","P.obliquiloculata",27,"Re-sampling","A"
46605.68527,268.9732072,276745.8998,10.7494778141743,12.5308550349236,7,"obliquiloculata","P.obliquiloculata",27,"Re-sampling","A"
63994.10084,302.2116759,276745.8998,11.0665461837185,12.5308550349236,7,"obliquiloculata","P.obliquiloculata",27,"Re-sampling","A"
198507.8871,517.8576562,276745.8998,12.1985841118213,12.5308550349236,7,"obliquiloculata","P.obliquiloculata",27,"Re-sampling","A"
62351.20444,300.1059497,236672.3706,11.0405382683234,12.3744320611857,16,"obliquiloculata","P.obliquiloculata",44,"Re-sampling","A"
86781.07401,348.8352778,236672.3706,11.3711438355145,12.3744320611857,16,"obliquiloculata","P.obliquiloculata",44,"Re-sampling","A"
71889.86098,327.136473,236672.3706,11.1828905181883,12.3744320611857,16,"obliquiloculata","P.obliquiloculata",44,"Re-sampling","A"
206262.3581,552.6639509,236672.3706,12.2369042204625,12.3744320611857,16,"obliquiloculata","P.obliquiloculata",44,"Re-sampling","A"
119974.153,427.6570049,236672.3706,11.6950316068974,12.3744320611857,16,"obliquiloculata","P.obliquiloculata",44,"Re-sampling","A"
69103.50867,316.7673294,236672.3706,11.1433607851671,12.3744320611857,16,"obliquiloculata","P.obliquiloculata",44,"Re-sampling","A"
31109.88636,213.9034009,236672.3706,10.3452809370403,12.3744320611857,16,"obliquiloculata","P.obliquiloculata",44,"Re-sampling","A"
57015.07691,280.5433929,236672.3706,10.9510710190338,12.3744320611857,16,"obliquiloculata","P.obliquiloculata",44,"Re-sampling","A"
68817.6447,312.1014706,236672.3706,11.139215454703,12.3744320611857,16,"obliquiloculata","P.obliquiloculata",44,"Re-sampling","A"
205204.3328,555.9952102,236672.3706,12.2317615070656,12.3744320611857,16,"obliquiloculata","P.obliquiloculata",44,"Re-sampling","A"
129877.5326,451.9709496,236672.3706,11.7743472285001,12.3744320611857,16,"obliquiloculata","P.obliquiloculata",44,"Re-sampling","A"
117815.3871,405.7236108,236672.3706,11.6768741622128,12.3744320611857,16,"obliquiloculata","P.obliquiloculata",44,"Re-sampling","A"
236672.3706,558.8452696,236672.3706,12.3744320611857,12.3744320611857,16,"obliquiloculata","P.obliquiloculata",44,"Re-sampling","A"
171278.522,507.0212741,236672.3706,12.0510462940811,12.3744320611857,16,"obliquiloculata","P.obliquiloculata",44,"Re-sampling","A"
188916.6578,500.7087751,236672.3706,12.1490612327674,12.3744320611857,16,"obliquiloculata","P.obliquiloculata",44,"Re-sampling","A"
147748.9597,474.8552746,236672.3706,11.903269894296,12.3744320611857,16,"obliquiloculata","P.obliquiloculata",44,"Re-sampling","A"
316880.9606,677.3249951,344359.4943,12.6662814637227,12.7494414322495,22,"obliquiloculata","P.obliquiloculata",46,"Re-sampling","A"
73777.06982,331.1516691,344359.4943,11.2088032552631,12.7494414322495,22,"obliquiloculata","P.obliquiloculata",46,"Re-sampling","A"
225414.4185,579.2248767,344359.4943,12.3256958470424,12.7494414322495,22,"obliquiloculata","P.obliquiloculata",46,"Re-sampling","A"
281076.4046,636.9672933,344359.4943,12.5463818138482,12.7494414322495,22,"obliquiloculata","P.obliquiloculata",46,"Re-sampling","A"
344359.4943,709.7635172,344359.4943,12.7494414322495,12.7494414322495,22,"obliquiloculata","P.obliquiloculata",46,"Re-sampling","A"
267829.2509,619.6944031,344359.4943,12.4981049329361,12.7494414322495,22,"obliquiloculata","P.obliquiloculata",46,"Re-sampling","A"
277299.1038,616.865593,344359.4943,12.5328519997198,12.7494414322495,22,"obliquiloculata","P.obliquiloculata",46,"Re-sampling","A"
179328.688,494.6177635,344359.4943,12.0969756467946,12.7494414322495,22,"obliquiloculata","P.obliquiloculata",46,"Re-sampling","A"
335129.0478,673.0997672,344359.4943,12.7222709539435,12.7494414322495,22,"obliquiloculata","P.obliquiloculata",46,"Re-sampling","A"
167930.2837,487.8352735,344359.4943,12.031304194282,12.7494414322495,22,"obliquiloculata","P.obliquiloculata",46,"Re-sampling","A"
224044.4819,603.9554942,344359.4943,12.3195998910335,12.7494414322495,22,"obliquiloculata","P.obliquiloculata",46,"Re-sampling","A"
268108.5584,611.6690195,344359.4943,12.4991472461315,12.7494414322495,22,"obliquiloculata","P.obliquiloculata",46,"Re-sampling","A"
83539.53047,348.0703014,344359.4943,11.333075217614,12.7494414322495,22,"obliquiloculata","P.obliquiloculata",46,"Re-sampling","A"
323424.7353,673.8304853,344359.4943,12.686721708358,12.7494414322495,22,"obliquiloculata","P.obliquiloculata",46,"Re-sampling","A"
192163.5307,523.9586147,344359.4943,12.1661020108961,12.7494414322495,22,"obliquiloculata","P.obliquiloculata",46,"Re-sampling","A"
307703.7156,656.1396152,344359.4943,12.6368926366353,12.7494414322495,22,"obliquiloculata","P.obliquiloculata",46,"Re-sampling","A"
127058.2924,441.3430646,344359.4943,11.7524012554102,12.7494414322495,22,"obliquiloculata","P.obliquiloculata",46,"Re-sampling","A"
202963.419,543.2509362,344359.4943,12.2207810398152,12.7494414322495,22,"obliquiloculata","P.obliquiloculata",46,"Re-sampling","A"
79283.41684,348.0129792,344359.4943,11.2807842664606,12.7494414322495,22,"obliquiloculata","P.obliquiloculata",46,"Re-sampling","A"
151397.9423,459.3728706,344359.4943,11.9276670287439,12.7494414322495,22,"obliquiloculata","P.obliquiloculata",46,"Re-sampling","A"
221145.0045,562.7800248,344359.4943,12.3065738943007,12.7494414322495,22,"obliquiloculata","P.obliquiloculata",46,"Re-sampling","A"
144481.7576,471.3623152,344359.4943,11.8809085335824,12.7494414322495,22,"obliquiloculata","P.obliquiloculata",46,"Re-sampling","A"
38258.69826,246.1595292,77887.54273,10.5521262188922,11.2630213054641,226,"pachyderma","N.pachyderma",66,"Re-sampling","A"
32405.17418,217.9660801,77887.54273,10.3860733859438,11.2630213054641,226,"pachyderma","N.pachyderma",66,"Re-sampling","A"
52203.38167,290.8754989,77887.54273,10.8629025547226,11.2630213054641,226,"pachyderma","N.pachyderma",66,"Re-sampling","A"
43536.59878,259.8582665,77887.54273,10.6813572146036,11.2630213054641,226,"pachyderma","N.pachyderma",66,"Re-sampling","A"
27184.02527,225.1023944,77887.54273,10.2103847735022,11.2630213054641,226,"pachyderma","N.pachyderma",66,"Re-sampling","A"
37042.59215,239.3464126,77887.54273,10.5198236687629,11.2630213054641,226,"pachyderma","N.pachyderma",66,"Re-sampling","A"
53508.66889,280.2719169,77887.54273,10.8875989550849,11.2630213054641,226,"pachyderma","N.pachyderma",66,"Re-sampling","A"
68126.26435,330.1078838,77887.54273,11.1291180910594,11.2630213054641,226,"pachyderma","N.pachyderma",66,"Re-sampling","A"
64007.71832,337.4434306,77887.54273,11.0667589538204,11.2630213054641,226,"pachyderma","N.pachyderma",66,"Re-sampling","A"
34756.31266,231.7570997,77887.54273,10.4561164937755,11.2630213054641,226,"pachyderma","N.pachyderma",66,"Re-sampling","A"
40553.08512,264.3741135,77887.54273,10.6103671385237,11.2630213054641,226,"pachyderma","N.pachyderma",66,"Re-sampling","A"
64194.18792,310.9347775,77887.54273,11.0696679547388,11.2630213054641,226,"pachyderma","N.pachyderma",66,"Re-sampling","A"
54870.70774,300.4994716,77887.54273,10.9127349284572,11.2630213054641,226,"pachyderma","N.pachyderma",66,"Re-sampling","A"
27459.67599,208.3237227,77887.54273,10.2204738799078,11.2630213054641,226,"pachyderma","N.pachyderma",66,"Re-sampling","A"
61210.67426,304.5594635,77887.54273,11.0220768693048,11.2630213054641,226,"pachyderma","N.pachyderma",66,"Re-sampling","A"
29405.44577,223.366918,77887.54273,10.2889351664459,11.2630213054641,226,"pachyderma","N.pachyderma",66,"Re-sampling","A"
40690.91048,266.99839,77887.54273,10.6137600167592,11.2630213054641,226,"pachyderma","N.pachyderma",66,"Re-sampling","A"
39758.56246,282.9206677,77887.54273,10.5905805046843,11.2630213054641,226,"pachyderma","N.pachyderma",66,"Re-sampling","A"
28927.1107,204.1369705,77887.54273,10.2725345208775,11.2630213054641,226,"pachyderma","N.pachyderma",66,"Re-sampling","A"
47460.56783,258.5445788,77887.54273,10.7676544943092,11.2630213054641,226,"pachyderma","N.pachyderma",66,"Re-sampling","A"
54181.58094,290.2895901,77887.54273,10.9000962946154,11.2630213054641,226,"pachyderma","N.pachyderma",66,"Re-sampling","A"
59767.56168,318.4192522,77887.54273,10.9982183459385,11.2630213054641,226,"pachyderma","N.pachyderma",66,"Re-sampling","A"
32267.34882,217.7614083,77887.54273,10.3818111254888,11.2630213054641,226,"pachyderma","N.pachyderma",66,"Re-sampling","A"
44412.19518,257.712259,77887.54273,10.7012693769227,11.2630213054641,226,"pachyderma","N.pachyderma",66,"Re-sampling","A"
29178.43929,210.2027324,77887.54273,10.2811853350398,11.2630213054641,226,"pachyderma","N.pachyderma",66,"Re-sampling","A"
39653.1666,246.8173592,77887.54273,10.5879260876824,11.2630213054641,226,"pachyderma","N.pachyderma",66,"Re-sampling","A"
42855.57936,257.7437161,77887.54273,10.6655911223176,11.2630213054641,226,"pachyderma","N.pachyderma",66,"Re-sampling","A"
44347.33619,253.9889279,77887.54273,10.6998079225742,11.2630213054641,226,"pachyderma","N.pachyderma",66,"Re-sampling","A"
35923.77452,239.6679898,77887.54273,10.4891545981872,11.2630213054641,226,"pachyderma","N.pachyderma",66,"Re-sampling","A"
46601.18618,266.1620459,77887.54273,10.7493812742962,11.2630213054641,226,"pachyderma","N.pachyderma",66,"Re-sampling","A"
42344.81479,252.5163304,77887.54273,10.6536012555122,11.2630213054641,226,"pachyderma","N.pachyderma",66,"Re-sampling","A"
66658.82964,337.9715866,77887.54273,11.1073427945519,11.2630213054641,226,"pachyderma","N.pachyderma",66,"Re-sampling","A"
34018.54162,230.7052466,77887.54273,10.4346609967182,11.2630213054641,226,"pachyderma","N.pachyderma",66,"Re-sampling","A"
42312.38529,254.323869,77887.54273,10.6528351186318,11.2630213054641,226,"pachyderma","N.pachyderma",66,"Re-sampling","A"
71255.71074,340.6357846,77887.54273,11.1740302456558,11.2630213054641,226,"pachyderma","N.pachyderma",66,"Re-sampling","A"
54911.24461,289.7724509,77887.54273,10.9134734263792,11.2630213054641,226,"pachyderma","N.pachyderma",66,"Re-sampling","A"
72390.74311,332.4694544,77887.54273,11.1898337126026,11.2630213054641,226,"pachyderma","N.pachyderma",66,"Re-sampling","A"
37472.28297,233.690547,77887.54273,10.5313568178741,11.2630213054641,226,"pachyderma","N.pachyderma",66,"Re-sampling","A"
56500.28993,293.2765445,77887.54273,10.9420010486258,11.2630213054641,226,"pachyderma","N.pachyderma",66,"Re-sampling","A"
45158.07359,261.3360274,77887.54273,10.7179243599135,11.2630213054641,226,"pachyderma","N.pachyderma",66,"Re-sampling","A"
77887.54273,363.0002078,77887.54273,11.2630213054641,11.2630213054641,226,"pachyderma","N.pachyderma",66,"Re-sampling","A"
41469.21839,248.7641178,77887.54273,10.6327067054621,11.2630213054641,226,"pachyderma","N.pachyderma",66,"Re-sampling","A"
42101.59357,249.7399222,77887.54273,10.6478408709731,11.2630213054641,226,"pachyderma","N.pachyderma",66,"Re-sampling","A"
46147.17323,274.440349,77887.54273,10.7395909862674,11.2630213054641,226,"pachyderma","N.pachyderma",66,"Re-sampling","A"
68085.72748,333.3826498,77887.54273,11.1285228883808,11.2630213054641,226,"pachyderma","N.pachyderma",66,"Re-sampling","A"
41347.60778,252.2754179,77887.54273,10.6297698458158,11.2630213054641,226,"pachyderma","N.pachyderma",66,"Re-sampling","A"
51943.9457,291.0008973,77887.54273,10.8579204488312,11.2630213054641,226,"pachyderma","N.pachyderma",66,"Re-sampling","A"
32178.1677,230.4063485,77887.54273,10.3790434798327,11.2630213054641,226,"pachyderma","N.pachyderma",66,"Re-sampling","A"
46860.62215,277.4810473,77887.54273,10.7549329887556,11.2630213054641,226,"pachyderma","N.pachyderma",66,"Re-sampling","A"
60408.04423,317.5013216,77887.54273,11.0088775576708,11.2630213054641,226,"pachyderma","N.pachyderma",66,"Re-sampling","A"
52446.60289,287.5818543,77887.54273,10.8675508431854,11.2630213054641,226,"pachyderma","N.pachyderma",66,"Re-sampling","A"
43601.45777,249.0409839,77887.54273,10.6828458638699,11.2630213054641,226,"pachyderma","N.pachyderma",66,"Re-sampling","A"
39466.69699,246.9487149,77887.54273,10.5832124810913,11.2630213054641,226,"pachyderma","N.pachyderma",66,"Re-sampling","A"
50071.14228,290.6663813,77887.54273,10.8212001187246,11.2630213054641,226,"pachyderma","N.pachyderma",66,"Re-sampling","A"
37699.28945,230.7930841,77887.54273,10.5373965257784,11.2630213054641,226,"pachyderma","N.pachyderma",66,"Re-sampling","A"
51344.00001,275.6194751,77887.54273,10.8463033635444,11.2630213054641,226,"pachyderma","N.pachyderma",66,"Re-sampling","A"
57756.93291,300.3240526,77887.54273,10.9639986715682,11.2630213054641,226,"pachyderma","N.pachyderma",66,"Re-sampling","A"
49422.55236,269.3413879,77887.54273,10.808162124506,11.2630213054641,226,"pachyderma","N.pachyderma",66,"Re-sampling","A"
55211.21745,280.9508747,77887.54273,10.9189214262938,11.2630213054641,226,"pachyderma","N.pachyderma",66,"Re-sampling","A"
34691.45366,233.3086144,77887.54273,10.454248643381,11.2630213054641,226,"pachyderma","N.pachyderma",66,"Re-sampling","A"
61778.19045,304.8255473,77887.54273,11.0313056758202,11.2630213054641,226,"pachyderma","N.pachyderma",66,"Re-sampling","A"
45725.58978,264.8643197,77887.54273,10.7304133715903,11.2630213054641,226,"pachyderma","N.pachyderma",66,"Re-sampling","A"
57440.74532,296.1786412,77887.54273,10.9585091792647,11.2630213054641,226,"pachyderma","N.pachyderma",66,"Re-sampling","A"
42969.08259,249.5937948,77887.54273,10.6682361265295,11.2630213054641,226,"pachyderma","N.pachyderma",66,"Re-sampling","A"
38258.69826,235.7629247,77887.54273,10.5521262188922,11.2630213054641,226,"pachyderma","N.pachyderma",66,"Re-sampling","A"
35404.90258,227.2531031,77887.54273,10.4746055804933,11.2630213054641,226,"pachyderma","N.pachyderma",66,"Re-sampling","A"
39807.20671,254.833409,77887.54273,10.5918032479963,11.2630213054641,226,"pachyderma","N.pachyderma",66,"Re-sampling","A"
43325.80705,262.9750955,77887.54273,10.6765037422234,11.2630213054641,226,"pachyderma","N.pachyderma",66,"Re-sampling","A"
37877.65168,245.3347614,77887.54273,10.5421165517141,11.2630213054641,226,"pachyderma","N.pachyderma",66,"Re-sampling","A"
49779.27682,274.6618207,77887.54273,10.815354048295,11.2630213054641,226,"pachyderma","N.pachyderma",66,"Re-sampling","A"
48895.57304,270.5127694,77887.54273,10.7974421404855,11.2630213054641,226,"pachyderma","N.pachyderma",66,"Re-sampling","A"
46495.79032,271.0965621,77887.54273,10.7471170567246,11.2630213054641,226,"pachyderma","N.pachyderma",66,"Re-sampling","A"
41598.93638,242.4426985,77887.54273,10.635829878134,11.2630213054641,226,"pachyderma","N.pachyderma",66,"Re-sampling","A"
42871.79411,260.6681839,77887.54273,10.665969408728,11.2630213054641,226,"pachyderma","N.pachyderma",66,"Re-sampling","A"
50063.03491,277.612496,77887.54273,10.8210381885976,11.2630213054641,226,"pachyderma","N.pachyderma",66,"Re-sampling","A"
54603.16439,285.0902052,77887.54273,10.9078471159144,11.2630213054641,226,"pachyderma","N.pachyderma",66,"Re-sampling","A"
70744.94617,331.6637626,77887.54273,11.1668363807279,11.2630213054641,226,"pachyderma","N.pachyderma",66,"Re-sampling","A"
45466.15381,265.7657671,77887.54273,10.7247234558211,11.2630213054641,226,"pachyderma","N.pachyderma",66,"Re-sampling","A"
57732.61078,311.6249776,77887.54273,10.9635774710061,11.2630213054641,226,"pachyderma","N.pachyderma",66,"Re-sampling","A"
60172.93038,309.1041952,77887.54273,11.0049778687071,11.2630213054641,226,"pachyderma","N.pachyderma",66,"Re-sampling","A"
46260.67647,262.0949838,77887.54273,10.7420475588951,11.2630213054641,226,"pachyderma","N.pachyderma",66,"Re-sampling","A"
57951.50988,314.834489,77887.54273,10.9673619033034,11.2630213054641,226,"pachyderma","N.pachyderma",66,"Re-sampling","A"
54359.94317,304.8920319,77887.54273,10.9033828228267,11.2630213054641,226,"pachyderma","N.pachyderma",66,"Re-sampling","A"
52965.47483,285.8853582,77887.54273,10.8773955619673,11.2630213054641,226,"pachyderma","N.pachyderma",66,"Re-sampling","A"
34999.53388,224.5253928,77887.54273,10.4630900226686,11.2630213054641,226,"pachyderma","N.pachyderma",66,"Re-sampling","A"
32899.72399,222.985482,77887.54273,10.4012195473566,11.2630213054641,226,"pachyderma","N.pachyderma",66,"Re-sampling","A"
35072.50025,227.5205122,77887.54273,10.465172633721,11.2630213054641,226,"pachyderma","N.pachyderma",66,"Re-sampling","A"
51319.67789,279.7072752,77887.54273,10.8458295422095,11.2630213054641,226,"pachyderma","N.pachyderma",66,"Re-sampling","A"
51627.75811,282.0021849,77887.54273,10.8518147546958,11.2630213054641,226,"pachyderma","N.pachyderma",66,"Re-sampling","A"
29316.26465,214.3844762,77887.54273,10.2858977484985,11.2630213054641,226,"pachyderma","N.pachyderma",66,"Re-sampling","A"
43398.77342,247.3915255,77887.54273,10.6781864574771,11.2630213054641,226,"pachyderma","N.pachyderma",66,"Re-sampling","A"
40431.47451,264.6959137,77887.54273,10.6073638326599,11.2630213054641,226,"pachyderma","N.pachyderma",66,"Re-sampling","A"
51879.0867,288.4825729,77887.54273,10.8566710341891,11.2630213054641,226,"pachyderma","N.pachyderma",66,"Re-sampling","A"
50590.01422,282.7343424,77887.54273,10.8315094883692,11.2630213054641,226,"pachyderma","N.pachyderma",66,"Re-sampling","A"
46860.62215,259.9206574,77887.54273,10.7549329887556,11.2630213054641,226,"pachyderma","N.pachyderma",66,"Re-sampling","A"
47014.66226,267.5443995,77887.54273,10.7582147950206,11.2630213054641,226,"pachyderma","N.pachyderma",66,"Re-sampling","A"
31813.33587,226.788847,77887.54273,10.3676408478396,11.2630213054641,226,"pachyderma","N.pachyderma",66,"Re-sampling","A"
34213.11859,234.1238051,77887.54273,10.4403644340039,11.2630213054641,226,"pachyderma","N.pachyderma",66,"Re-sampling","A"
32607.85853,235.6597386,77887.54273,10.3923085975072,11.2630213054641,226,"pachyderma","N.pachyderma",66,"Re-sampling","A"
39912.60257,245.6650008,77887.54273,10.5944474068913,11.2630213054641,226,"pachyderma","N.pachyderma",66,"Re-sampling","A"
50484.61836,270.2728999,77887.54273,10.8294239819367,11.2630213054641,226,"pachyderma","N.pachyderma",66,"Re-sampling","A"
45166.18097,270.002792,77887.54273,10.7181038771442,11.2630213054641,226,"pachyderma","N.pachyderma",66,"Re-sampling","A"
65110.32119,314.0868156,77887.54273,11.0838383592551,11.2630213054641,226,"pachyderma","N.pachyderma",66,"Re-sampling","A"
37180.41751,240.0566911,77887.54273,10.5235374906368,11.2630213054641,226,"pachyderma","N.pachyderma",66,"Re-sampling","A"
35283.29197,233.7078928,77887.54273,10.4711648155749,11.2630213054641,226,"pachyderma","N.pachyderma",66,"Re-sampling","A"
38809.99969,254.9924314,77887.54273,10.5664332163753,11.2630213054641,226,"pachyderma","N.pachyderma",66,"Re-sampling","A"
47557.85632,263.7600746,77887.54273,10.7697022766182,11.2630213054641,226,"pachyderma","N.pachyderma",66,"Re-sampling","A"
43812.2495,266.0401768,77887.54273,10.6876687262142,11.2630213054641,226,"pachyderma","N.pachyderma",66,"Re-sampling","A"
63156.44404,320.2851919,77887.54273,11.0533701659613,11.2630213054641,226,"pachyderma","N.pachyderma",66,"Re-sampling","A"
54319.4063,285.2465709,77887.54273,10.9026368324969,11.2630213054641,226,"pachyderma","N.pachyderma",66,"Re-sampling","A"
71004.38214,324.6472901,77887.54273,11.1704968744005,11.2630213054641,226,"pachyderma","N.pachyderma",66,"Re-sampling","A"
68855.92801,330.0587606,77887.54273,11.1397716008135,11.2630213054641,226,"pachyderma","N.pachyderma",66,"Re-sampling","A"
25586.87258,197.7829111,77887.54273,10.1498347091022,11.2630213054641,226,"pachyderma","N.pachyderma",66,"Re-sampling","A"
37042.59215,237.7149497,77887.54273,10.5198236687629,11.2630213054641,226,"pachyderma","N.pachyderma",66,"Re-sampling","A"
27411.03175,202.482075,77887.54273,10.2187008299602,11.2630213054641,226,"pachyderma","N.pachyderma",66,"Re-sampling","A"
45595.87179,269.0552789,77887.54273,10.7275724604833,11.2630213054641,226,"pachyderma","N.pachyderma",66,"Re-sampling","A"
32964.58299,232.7519572,77887.54273,10.403189021384,11.2630213054641,226,"pachyderma","N.pachyderma",66,"Re-sampling","A"
43050.15634,254.1803769,77887.54273,10.6701211414405,11.2630213054641,226,"pachyderma","N.pachyderma",66,"Re-sampling","A"
44395.98043,267.7110136,77887.54273,10.7009042134663,11.2630213054641,226,"pachyderma","N.pachyderma",66,"Re-sampling","A"
57019.16187,301.5498427,77887.54273,10.951142663481,11.2630213054641,226,"pachyderma","N.pachyderma",66,"Re-sampling","A"
35696.76805,249.5450666,77887.54273,10.4828154328572,11.2630213054641,226,"pachyderma","N.pachyderma",66,"Re-sampling","A"
35267.07722,220.4257082,77887.54273,10.4707051510693,11.2630213054641,226,"pachyderma","N.pachyderma",66,"Re-sampling","A"
44274.36982,256.340139,77887.54273,10.6981612292352,11.2630213054641,226,"pachyderma","N.pachyderma",66,"Re-sampling","A"
38728.92595,253.429709,77887.54273,10.5643420403918,11.2630213054641,226,"pachyderma","N.pachyderma",66,"Re-sampling","A"
32834.865,229.9308295,77887.54273,10.3992461871502,11.2630213054641,226,"pachyderma","N.pachyderma",66,"Re-sampling","A"
42142.13044,248.7641178,77887.54273,10.6488032423214,11.2630213054641,226,"pachyderma","N.pachyderma",66,"Re-sampling","A"
15614.80247,158.635712,77887.54273,9.65597461962116,11.2630213054641,226,"pachyderma","N.pachyderma",66,"Re-sampling","A"
38064.12128,235.5737157,77887.54273,10.5470274187504,11.2630213054641,226,"pachyderma","N.pachyderma",66,"Re-sampling","A"
46755.22629,265.0479133,77887.54273,10.752681320768,11.2630213054641,226,"pachyderma","N.pachyderma",66,"Re-sampling","A"
57643.42967,305.675459,77887.54273,10.9620315499047,11.2630213054641,226,"pachyderma","N.pachyderma",66,"Re-sampling","A"
24743.70568,199.0088499,77887.54273,10.1163264196935,11.2630213054641,226,"pachyderma","N.pachyderma",66,"Re-sampling","A"
59556.76995,298.2245691,77887.54273,10.9946852534603,11.2630213054641,226,"pachyderma","N.pachyderma",66,"Re-sampling","A"
48984.75416,278.4726791,77887.54273,10.799264389087,11.2630213054641,226,"pachyderma","N.pachyderma",66,"Re-sampling","A"
73242.01739,349.5746693,77887.54273,11.2015245433299,11.2630213054641,226,"pachyderma","N.pachyderma",66,"Re-sampling","A"
47784.8628,272.3050556,77887.54273,10.7744641905023,11.2630213054641,226,"pachyderma","N.pachyderma",66,"Re-sampling","A"
61453.89548,304.0399303,77887.54273,11.0260425056619,11.2630213054641,226,"pachyderma","N.pachyderma",66,"Re-sampling","A"
60489.11797,303.5462178,77887.54273,11.0102187595762,11.2630213054641,226,"pachyderma","N.pachyderma",66,"Re-sampling","A"
42563.71389,263.3140009,77887.54273,10.6587573826614,11.2630213054641,226,"pachyderma","N.pachyderma",66,"Re-sampling","A"
29405.44577,218.8199061,77887.54273,10.2889351664459,11.2630213054641,226,"pachyderma","N.pachyderma",66,"Re-sampling","A"
52235.81116,284.9906551,77887.54273,10.8635235762024,11.2630213054641,226,"pachyderma","N.pachyderma",66,"Re-sampling","A"
29802.7071,239.7525437,77887.54273,10.3023545106495,11.2630213054641,226,"pachyderma","N.pachyderma",66,"Re-sampling","A"
36061.59988,234.7980914,77887.54273,10.4929838629389,11.2630213054641,226,"pachyderma","N.pachyderma",66,"Re-sampling","A"
52025.01944,278.6473067,77887.54273,10.8594800249283,11.2630213054641,226,"pachyderma","N.pachyderma",66,"Re-sampling","A"
49365.80074,274.8241199,77887.54273,10.8070131707182,11.2630213054641,226,"pachyderma","N.pachyderma",66,"Re-sampling","A"
31172.85332,211.3949997,77887.54273,10.3473029091557,11.2630213054641,226,"pachyderma","N.pachyderma",66,"Re-sampling","A"
32859.18712,225.8215732,77887.54273,10.3999866536103,11.2630213054641,226,"pachyderma","N.pachyderma",66,"Re-sampling","A"
29810.81447,213.3989695,77887.54273,10.3026265083385,11.2630213054641,226,"pachyderma","N.pachyderma",66,"Re-sampling","A"
44971.60399,258.5445788,77887.54273,10.7137865471296,11.2630213054641,226,"pachyderma","N.pachyderma",66,"Re-sampling","A"
44947.28187,264.9408325,77887.54273,10.7132455679935,11.2630213054641,226,"pachyderma","N.pachyderma",66,"Re-sampling","A"
64177.97317,322.7688908,77887.54273,11.0694153337663,11.2630213054641,226,"pachyderma","N.pachyderma",66,"Re-sampling","A"
47930.79553,273.8192751,77887.54273,10.7775134897627,11.2630213054641,226,"pachyderma","N.pachyderma",66,"Re-sampling","A"
33759.10565,226.3952714,77887.54273,10.427005456949,11.2630213054641,226,"pachyderma","N.pachyderma",66,"Re-sampling","A"
56589.47104,291.946611,77887.54273,10.9435782228584,11.2630213054641,226,"pachyderma","N.pachyderma",66,"Re-sampling","A"
30135.10943,216.5667542,77887.54273,10.3134461972363,11.2630213054641,226,"pachyderma","N.pachyderma",66,"Re-sampling","A"
31440.39666,242.8102639,77887.54273,10.3558488628758,11.2630213054641,226,"pachyderma","N.pachyderma",66,"Re-sampling","A"
46414.71658,275.2662676,77887.54273,10.7453718555997,11.2630213054641,226,"pachyderma","N.pachyderma",66,"Re-sampling","A"
62613.24998,311.9370187,77887.54273,11.0447321957135,11.2630213054641,226,"pachyderma","N.pachyderma",66,"Re-sampling","A"
48717.21081,276.6031257,77887.54273,10.7937876513607,11.2630213054641,226,"pachyderma","N.pachyderma",66,"Re-sampling","A"
43366.34392,258.6072867,77887.54273,10.6774389335296,11.2630213054641,226,"pachyderma","N.pachyderma",66,"Re-sampling","A"
39734.24034,257.2714558,77887.54273,10.5899685720337,11.2630213054641,226,"pachyderma","N.pachyderma",66,"Re-sampling","A"
34107.72273,235.0914058,77887.54273,10.437279110651,11.2630213054641,226,"pachyderma","N.pachyderma",66,"Re-sampling","A"
62621.35735,307.262707,77887.54273,11.0448616706276,11.2630213054641,226,"pachyderma","N.pachyderma",66,"Re-sampling","A"
47638.93006,259.8738656,77887.54273,10.7714055643589,11.2630213054641,226,"pachyderma","N.pachyderma",66,"Re-sampling","A"
56305.71295,282.5909316,77887.54273,10.9385512823367,11.2630213054641,226,"pachyderma","N.pachyderma",66,"Re-sampling","A"
59200.04549,308.3689195,77887.54273,10.988677589284,11.2630213054641,226,"pachyderma","N.pachyderma",66,"Re-sampling","A"
40415.25976,257.6021289,77887.54273,10.6069627094639,11.2630213054641,226,"pachyderma","N.pachyderma",66,"Re-sampling","A"
49203.65326,281.8871641,77887.54273,10.8037231529758,11.2630213054641,226,"pachyderma","N.pachyderma",66,"Re-sampling","A"
36085.92201,240.0735768,77887.54273,10.4936580962399,11.2630213054641,226,"pachyderma","N.pachyderma",66,"Re-sampling","A"
45936.38151,269.1908421,77887.54273,10.7350127075771,11.2630213054641,226,"pachyderma","N.pachyderma",66,"Re-sampling","A"
30321.57904,209.3912104,77887.54273,10.3196149175559,11.2630213054641,226,"pachyderma","N.pachyderma",66,"Re-sampling","A"
38437.06049,243.2939336,77887.54273,10.556777390077,11.2630213054641,226,"pachyderma","N.pachyderma",66,"Re-sampling","A"
54959.88885,288.721354,77887.54273,10.9143589045143,11.2630213054641,226,"pachyderma","N.pachyderma",66,"Re-sampling","A"
33118.62309,221.91032,77887.54273,10.4078510342654,11.2630213054641,226,"pachyderma","N.pachyderma",66,"Re-sampling","A"
54319.4063,277.6562985,77887.54273,10.9026368324969,11.2630213054641,226,"pachyderma","N.pachyderma",66,"Re-sampling","A"
44833.77863,273.3451289,77887.54273,10.7107171215743,11.2630213054641,226,"pachyderma","N.pachyderma",66,"Re-sampling","A"
49600.91459,273.8784857,77887.54273,10.8117645518575,11.2630213054641,226,"pachyderma","N.pachyderma",66,"Re-sampling","A"
42725.86137,258.8736257,77887.54273,10.6625596685764,11.2630213054641,226,"pachyderma","N.pachyderma",66,"Re-sampling","A"
39223.47577,261.2739744,77887.54273,10.5770307182101,11.2630213054641,226,"pachyderma","N.pachyderma",66,"Re-sampling","A"
32729.46914,217.2395555,77887.54273,10.3960311479931,11.2630213054641,226,"pachyderma","N.pachyderma",66,"Re-sampling","A"
28797.39271,213.5508819,77887.54273,10.2680401311231,11.2630213054641,226,"pachyderma","N.pachyderma",66,"Re-sampling","A"
48628.0297,267.7867131,77887.54273,10.7919553864347,11.2630213054641,226,"pachyderma","N.pachyderma",66,"Re-sampling","A"
50946.73868,288.2717195,77887.54273,10.838536026396,11.2630213054641,226,"pachyderma","N.pachyderma",66,"Re-sampling","A"
39636.95185,244.0259465,77887.54273,10.587517089675,11.2630213054641,226,"pachyderma","N.pachyderma",66,"Re-sampling","A"
47006.55488,265.2160958,77887.54273,10.7580423364997,11.2630213054641,226,"pachyderma","N.pachyderma",66,"Re-sampling","A"
29486.51951,207.8756932,77887.54273,10.2916884721245,11.2630213054641,226,"pachyderma","N.pachyderma",66,"Re-sampling","A"
60910.70142,297.026,77887.54273,11.0171641594431,11.2630213054641,226,"pachyderma","N.pachyderma",66,"Re-sampling","A"
49138.79427,275.1336979,77887.54273,10.8024041091441,11.2630213054641,226,"pachyderma","N.pachyderma",66,"Re-sampling","A"
42620.46551,255.1990124,77887.54273,10.6600898279299,11.2630213054641,226,"pachyderma","N.pachyderma",66,"Re-sampling","A"
48019.97664,284.0645951,77887.54273,10.7793723833112,11.2630213054641,226,"pachyderma","N.pachyderma",66,"Re-sampling","A"
47160.59499,261.1187775,77887.54273,10.7613139709839,11.2630213054641,226,"pachyderma","N.pachyderma",66,"Re-sampling","A"
48044.29877,259.6241669,77887.54273,10.7798787553296,11.2630213054641,226,"pachyderma","N.pachyderma",66,"Re-sampling","A"
46512.00507,265.3536204,77887.54273,10.7474657318028,11.2630213054641,226,"pachyderma","N.pachyderma",66,"Re-sampling","A"
47411.92359,263.6370952,77887.54273,10.7666290285808,11.2630213054641,226,"pachyderma","N.pachyderma",66,"Re-sampling","A"
47776.75542,279.2721586,77887.54273,10.7742945119185,11.2630213054641,226,"pachyderma","N.pachyderma",66,"Re-sampling","A"
45441.83169,267.9683044,77887.54273,10.7241883626618,11.2630213054641,226,"pachyderma","N.pachyderma",66,"Re-sampling","A"
43714.96101,258.5445788,77887.54273,10.6854456797011,11.2630213054641,226,"pachyderma","N.pachyderma",66,"Re-sampling","A"
48830.71405,267.5443995,77887.54273,10.7961147801313,11.2630213054641,226,"pachyderma","N.pachyderma",66,"Re-sampling","A"
29875.67346,208.3237227,77887.54273,10.3047998315739,11.2630213054641,226,"pachyderma","N.pachyderma",66,"Re-sampling","A"
36985.84053,234.5562629,77887.54273,10.5182904300041,11.2630213054641,226,"pachyderma","N.pachyderma",66,"Re-sampling","A"
38428.95311,246.0112751,77887.54273,10.5565664417098,11.2630213054641,226,"pachyderma","N.pachyderma",66,"Re-sampling","A"
53605.95738,277.3787663,77887.54273,10.889415486032,11.2630213054641,226,"pachyderma","N.pachyderma",66,"Re-sampling","A"
42847.47198,250.9058781,77887.54273,10.6654019253194,11.2630213054641,226,"pachyderma","N.pachyderma",66,"Re-sampling","A"
27800.1857,198.29464,77887.54273,10.2327979795125,11.2630213054641,226,"pachyderma","N.pachyderma",66,"Re-sampling","A"
26802.97869,196.3636196,77887.54273,10.196268305472,11.2630213054641,226,"pachyderma","N.pachyderma",66,"Re-sampling","A"
60967.45304,305.6224087,77887.54273,11.0180954440421,11.2630213054641,226,"pachyderma","N.pachyderma",66,"Re-sampling","A"
39191.04628,246.8666258,77887.54273,10.5762035884642,11.2630213054641,226,"pachyderma","N.pachyderma",66,"Re-sampling","A"
36775.0488,235.9176191,77887.54273,10.5125748724572,11.2630213054641,226,"pachyderma","N.pachyderma",66,"Re-sampling","A"
25757.12743,195.1626076,77887.54273,10.1564666611897,11.2630213054641,226,"pachyderma","N.pachyderma",66,"Re-sampling","A"
63764.4971,318.5974316,77887.54273,11.0629518426582,11.2630213054641,226,"pachyderma","N.pachyderma",66,"Re-sampling","A"
54732.88238,293.7323184,77887.54273,10.9102199481998,11.2630213054641,226,"pachyderma","N.pachyderma",66,"Re-sampling","A"
54303.19155,300.5264501,77887.54273,10.9023382804379,11.2630213054641,226,"pachyderma","N.pachyderma",66,"Re-sampling","A"
54878.81511,278.1668172,77887.54273,10.9128826716055,11.2630213054641,226,"pachyderma","N.pachyderma",66,"Re-sampling","A"
49495.51872,273.063215,77887.54273,10.8096374135495,11.2630213054641,226,"pachyderma","N.pachyderma",66,"Re-sampling","A"
51595.32861,288.5949651,77887.54273,10.8511864165575,11.2630213054641,226,"pachyderma","N.pachyderma",66,"Re-sampling","A"
53078.97807,281.9015443,77887.54273,10.8795362356233,11.2630213054641,226,"pachyderma","N.pachyderma",66,"Re-sampling","A"
35242.7551,231.809567,77887.54273,10.4700152580384,11.2630213054641,226,"pachyderma","N.pachyderma",66,"Re-sampling","A"
39572.09286,235.0914058,77887.54273,10.5858794230491,11.2630213054641,226,"pachyderma","N.pachyderma",66,"Re-sampling","A"
59224.36761,312.2357655,77887.54273,10.9890883512157,11.2630213054641,226,"pachyderma","N.pachyderma",66,"Re-sampling","A"
51222.3894,289.9262913,77887.54273,10.8439320084116,11.2630213054641,226,"pachyderma","N.pachyderma",66,"Re-sampling","A"
46098.52899,263.2216155,77887.54273,10.738536319365,11.2630213054641,226,"pachyderma","N.pachyderma",66,"Re-sampling","A"
37024.31343,232.7718271,77887.54273,10.5193300955475,11.2630213054641,226,"pachyderma","N.pachyderma",66,"Re-sampling","A"
42521.44481,251.8836506,77887.54273,10.6577638114176,11.2630213054641,226,"pachyderma","N.pachyderma",66,"Re-sampling","A"
42035.14747,247.8664036,77887.54273,10.6462613918302,11.2630213054641,226,"pachyderma","N.pachyderma",66,"Re-sampling","A"
42041.71905,252.5090287,77887.54273,10.6464177149731,11.2630213054641,226,"pachyderma","N.pachyderma",66,"Re-sampling","A"
69027.93544,321.0278673,77887.54273,11.1422665630944,11.2630213054641,226,"pachyderma","N.pachyderma",66,"Re-sampling","A"
28346.53461,213.203325,77887.54273,10.2522600657056,11.2630213054641,226,"pachyderma","N.pachyderma",66,"Re-sampling","A"
42681.56571,262.7864463,158965.6916,10.6615223896069,11.9764436818187,41,"ruber","G.ruber",20,"Re-sampling","A"
29074.88825,216.3938671,158965.6916,10.2776301338713,11.9764436818187,41,"ruber","G.ruber",20,"Re-sampling","A"
42424.44784,257.8379246,158965.6916,10.6554800750501,11.9764436818187,41,"ruber","G.ruber",20,"Re-sampling","A"
30586.7413,214.4243847,158965.6916,10.3283219031932,11.9764436818187,41,"ruber","G.ruber",20,"Re-sampling","A"
75602.93723,343.6409367,158965.6916,11.2332504136616,11.9764436818187,41,"ruber","G.ruber",20,"Re-sampling","A"
42902.68707,260.7335109,158965.6916,10.6666897386189,11.9764436818187,41,"ruber","G.ruber",20,"Re-sampling","A"
72532.94991,348.7801666,158965.6916,11.1917962191146,11.9764436818187,41,"ruber","G.ruber",20,"Re-sampling","A"
54164.44959,296.883823,158965.6916,10.8997800606,11.9764436818187,41,"ruber","G.ruber",20,"Re-sampling","A"
30962.13339,213.9922706,158965.6916,10.3405202332754,11.9764436818187,41,"ruber","G.ruber",20,"Re-sampling","A"
39344.17581,242.397555,158965.6916,10.5801032329799,11.9764436818187,41,"ruber","G.ruber",20,"Re-sampling","A"
57311.57226,295.4078598,158965.6916,10.9562578414741,11.9764436818187,41,"ruber","G.ruber",20,"Re-sampling","A"
31728.34463,215.906158,158965.6916,10.3649657127152,11.9764436818187,41,"ruber","G.ruber",20,"Re-sampling","A"
47998.76317,280.9449099,158965.6916,10.7789305222664,11.9764436818187,41,"ruber","G.ruber",20,"Re-sampling","A"
78050.69931,349.0822844,158965.6916,11.2651138856728,11.9764436818187,41,"ruber","G.ruber",20,"Re-sampling","A"
32592.26066,230.824531,158965.6916,10.3918301361027,11.9764436818187,41,"ruber","G.ruber",20,"Re-sampling","A"
31491.79619,219.683917,158965.6916,10.3574823524811,11.9764436818187,41,"ruber","G.ruber",20,"Re-sampling","A"
30663.87666,213.5592822,158965.6916,10.330840584746,11.9764436818187,41,"ruber","G.ruber",20,"Re-sampling","A"
34170.96435,226.0977091,158965.6916,10.4391315668358,11.9764436818187,41,"ruber","G.ruber",20,"Re-sampling","A"
23042.90312,182.5585324,158965.6916,10.0451131103443,11.9764436818187,41,"ruber","G.ruber",20,"Re-sampling","A"
31764.34113,221.4906065,158965.6916,10.3660995914739,11.9764436818187,41,"ruber","G.ruber",20,"Re-sampling","A"
38068.8712,237.9332084,158965.6916,10.5471521982934,11.9764436818187,41,"ruber","G.ruber",20,"Re-sampling","A"
44296.2659,272.6969547,158965.6916,10.6986556612841,11.9764436818187,41,"ruber","G.ruber",20,"Re-sampling","A"
146593.1799,491.5421227,158965.6916,11.8954165455244,11.9764436818187,41,"ruber","G.ruber",20,"Re-sampling","A"
33147.63525,232.0244356,158965.6916,10.4087266582279,11.9764436818187,41,"ruber","G.ruber",20,"Re-sampling","A"
70280.59741,326.1830358,158965.6916,11.1602510426918,11.9764436818187,41,"ruber","G.ruber",20,"Re-sampling","A"
158965.6916,523.8529355,158965.6916,11.9764436818187,11.9764436818187,41,"ruber","G.ruber",20,"Re-sampling","A"
133680.7207,485.0602195,158965.6916,11.8032095544875,11.9764436818187,41,"ruber","G.ruber",20,"Re-sampling","A"
21330.49814,169.2270306,158965.6916,9.96789316515425,11.9764436818187,41,"ruber","G.ruber",20,"Re-sampling","A"
102723.7297,394.9990674,158965.6916,11.5397984276494,11.9764436818187,41,"ruber","G.ruber",20,"Re-sampling","A"
64855.41044,313.6041831,158965.6916,11.0799156163339,11.9764436818187,41,"ruber","G.ruber",20,"Re-sampling","A"
28354.95823,202.8525159,158965.6916,10.2525571873382,11.9764436818187,41,"ruber","G.ruber",20,"Re-sampling","A"
25279.82856,199.2460752,158965.6916,10.1377620665922,11.9764436818187,41,"ruber","G.ruber",20,"Re-sampling","A"
68866.44915,329.0085431,158965.6916,11.1399243884757,11.9764436818187,41,"ruber","G.ruber",20,"Re-sampling","A"
40768.60879,255.2017935,158965.6916,10.6156676718561,11.9764436818187,41,"ruber","G.ruber",20,"Re-sampling","A"
31152.40061,219.730728,158965.6916,10.3466465873778,11.9764436818187,41,"ruber","G.ruber",20,"Re-sampling","A"
26354.58123,199.2073578,158965.6916,10.1793973995785,11.9764436818187,41,"ruber","G.ruber",20,"Re-sampling","A"
26719.6886,202.2431954,158965.6916,10.1931559733911,11.9764436818187,41,"ruber","G.ruber",20,"Re-sampling","A"
41416.54581,247.436671,158965.6916,10.6314357372181,11.9764436818187,41,"ruber","G.ruber",20,"Re-sampling","A"
32288.86157,224.1446652,158965.6916,10.3824776067047,11.9764436818187,41,"ruber","G.ruber",20,"Re-sampling","A"
22492.67089,188.640167,158965.6916,10.0209447969061,11.9764436818187,41,"ruber","G.ruber",20,"Re-sampling","A"
28339.53116,202.9538915,158965.6916,10.2520129697063,11.9764436818187,41,"ruber","G.ruber",20,"Re-sampling","A"
41177.55554,252.0401406,116481.3553,10.6256486184508,11.6654864988367,62,"ruber","G.ruber",25,"Re-sampling","A"
46040.52891,265.3511903,116481.3553,10.7372773508237,11.6654864988367,62,"ruber","G.ruber",25,"Re-sampling","A"
24482.44226,183.1609801,116481.3553,10.1057114971729,11.6654864988367,62,"ruber","G.ruber",25,"Re-sampling","A"
32854.64235,222.2136234,116481.3553,10.3998483335628,11.6654864988367,62,"ruber","G.ruber",25,"Re-sampling","A"
24853.73684,186.2121681,116481.3553,10.1207633960746,11.6654864988367,62,"ruber","G.ruber",25,"Re-sampling","A"
26177.91135,193.141414,116481.3553,10.1726712559146,11.6654864988367,62,"ruber","G.ruber",25,"Re-sampling","A"
48725.02164,275.7412659,116481.3553,10.7939479685009,11.6654864988367,62,"ruber","G.ruber",25,"Re-sampling","A"
33669.51896,222.3983796,116481.3553,10.4243482251508,11.6654864988367,62,"ruber","G.ruber",25,"Re-sampling","A"
66836.31163,318.4742573,116481.3553,11.1100017991101,11.6654864988367,62,"ruber","G.ruber",25,"Re-sampling","A"
33521.65829,217.5814856,116481.3553,10.419947025031,11.6654864988367,62,"ruber","G.ruber",25,"Re-sampling","A"
53275.84469,283.5316684,116481.3553,10.8832383121203,11.6654864988367,62,"ruber","G.ruber",25,"Re-sampling","A"
33915.95343,219.4760184,116481.3553,10.4316407853247,11.6654864988367,62,"ruber","G.ruber",25,"Re-sampling","A"
30423.15566,206.6291166,116481.3553,10.3229592967907,11.6654864988367,62,"ruber","G.ruber",25,"Re-sampling","A"
72103.43751,335.9763776,116481.3553,11.185856999113,11.6654864988367,62,"ruber","G.ruber",25,"Re-sampling","A"
46753.54595,271.7321036,116481.3553,10.7526453810383,11.6654864988367,62,"ruber","G.ruber",25,"Re-sampling","A"
36400.01279,228.0011581,116481.3553,10.5023244049984,11.6654864988367,62,"ruber","G.ruber",25,"Re-sampling","A"
64546.11404,318.8506162,116481.3553,11.0751351936881,11.6654864988367,62,"ruber","G.ruber",25,"Re-sampling","A"
58270.24976,292.5155221,116481.3553,10.9728469463816,11.6654864988367,62,"ruber","G.ruber",25,"Re-sampling","A"
66580.01979,330.2951604,116481.3553,11.1061598083654,11.6654864988367,62,"ruber","G.ruber",25,"Re-sampling","A"
79693.61891,347.7550927,116481.3553,11.2859447977085,11.6654864988367,62,"ruber","G.ruber",25,"Re-sampling","A"
33676.09055,219.333747,116481.3553,10.4245433853125,11.6654864988367,62,"ruber","G.ruber",25,"Re-sampling","A"
43641.90015,260.2247185,116481.3553,10.6837729804748,11.6654864988367,62,"ruber","G.ruber",25,"Re-sampling","A"
92422.78027,381.9415447,116481.3553,11.4341287669625,11.6654864988367,62,"ruber","G.ruber",25,"Re-sampling","A"
55421.46739,298.2939312,116481.3553,10.9227222956918,11.6654864988367,62,"ruber","G.ruber",25,"Re-sampling","A"
71626.99755,342.9072493,116481.3553,11.1792273426334,11.6654864988367,62,"ruber","G.ruber",25,"Re-sampling","A"
116481.3553,425.3457865,116481.3553,11.6654864988367,11.6654864988367,62,"ruber","G.ruber",25,"Re-sampling","A"
41138.12603,255.6386772,116481.3553,10.6246906111243,11.6654864988367,62,"ruber","G.ruber",25,"Re-sampling","A"
54274.7257,286.4543662,116481.3553,10.9018139408415,11.6654864988367,62,"ruber","G.ruber",25,"Re-sampling","A"
36160.14992,230.2383449,116481.3553,10.4957129605152,11.6654864988367,62,"ruber","G.ruber",25,"Re-sampling","A"
59045.69687,301.2533776,116481.3553,10.9860669463199,11.6654864988367,62,"ruber","G.ruber",25,"Re-sampling","A"
23693.85198,185.1770337,116481.3553,10.072970883344,11.6654864988367,62,"ruber","G.ruber",25,"Re-sampling","A"
35903.85808,227.9146739,116481.3553,10.4886000361116,11.6654864988367,62,"ruber","G.ruber",25,"Re-sampling","A"
83307.99101,361.0138113,116481.3553,11.3302997540461,11.6654864988367,62,"ruber","G.ruber",25,"Re-sampling","A"
91269.46699,384.4282812,116481.3553,11.4215715855684,11.6654864988367,62,"ruber","G.ruber",25,"Re-sampling","A"
70283.10829,339.3772171,116481.3553,11.160286768557,11.6654864988367,62,"ruber","G.ruber",25,"Re-sampling","A"
34017.813,225.7418011,116481.3553,10.4346395781692,11.6654864988367,62,"ruber","G.ruber",25,"Re-sampling","A"
30002.57418,208.339442,116481.3553,10.3090384629632,11.6654864988367,62,"ruber","G.ruber",25,"Re-sampling","A"
33301.51017,224.3108231,116481.3553,10.4133580253907,11.6654864988367,62,"ruber","G.ruber",25,"Re-sampling","A"
42212.58028,250.0244154,116481.3553,10.6504735664984,11.6654864988367,62,"ruber","G.ruber",25,"Re-sampling","A"
31842.61816,216.7038322,116481.3553,10.3685608652209,11.6654864988367,62,"ruber","G.ruber",25,"Re-sampling","A"
57783.95243,298.805703,116481.3553,10.9644663764921,11.6654864988367,62,"ruber","G.ruber",25,"Re-sampling","A"
27804.37879,197.6481489,116481.3553,10.2329487977069,11.6654864988367,62,"ruber","G.ruber",25,"Re-sampling","A"
36929.02544,229.2945067,116481.3553,10.5167531181131,11.6654864988367,62,"ruber","G.ruber",25,"Re-sampling","A"
59200.12913,297.0687183,116481.3553,10.9886790021197,11.6654864988367,62,"ruber","G.ruber",25,"Re-sampling","A"
40316.67783,246.6304859,116481.3553,10.6045205042613,11.6654864988367,62,"ruber","G.ruber",25,"Re-sampling","A"
62650.21158,307.7547365,116481.3553,11.0453223374933,11.6654864988367,62,"ruber","G.ruber",25,"Re-sampling","A"
55815.76253,295.666227,116481.3553,10.9298115910952,11.6654864988367,62,"ruber","G.ruber",25,"Re-sampling","A"
51639.51986,278.0965758,116481.3553,10.8520425470862,11.6654864988367,62,"ruber","G.ruber",25,"Re-sampling","A"
26536.06277,199.6001951,116481.3553,10.1862599460899,11.6654864988367,62,"ruber","G.ruber",25,"Re-sampling","A"
34254.39009,226.1998358,116481.3553,10.4415700132865,11.6654864988367,62,"ruber","G.ruber",25,"Re-sampling","A"
45846.66713,265.6296574,116481.3553,10.7330577843119,11.6654864988367,62,"ruber","G.ruber",25,"Re-sampling","A"
87181.97177,367.6985541,116481.3553,11.3757528427653,11.6654864988367,62,"ruber","G.ruber",25,"Re-sampling","A"
41848.82372,254.520971,116481.3553,10.6418189684736,11.6654864988367,62,"ruber","G.ruber",25,"Re-sampling","A"
102838.5081,402.5120957,116481.3553,11.5409151542734,11.6654864988367,62,"ruber","G.ruber",25,"Re-sampling","A"
89743.00109,383.3576591,116481.3553,11.4047053210256,11.6654864988367,62,"ruber","G.ruber",25,"Re-sampling","A"
70277.39534,323.8812248,116481.3553,11.1602054804304,11.6654864988367,62,"ruber","G.ruber",25,"Re-sampling","A"
67195.50029,321.8043527,116481.3553,11.1153615642991,11.6654864988367,62,"ruber","G.ruber",25,"Re-sampling","A"
96515.52915,389.3109479,116481.3553,11.4774591982144,11.6654864988367,62,"ruber","G.ruber",25,"Re-sampling","A"
67414.54407,321.9289868,116481.3553,11.1186160610104,11.6654864988367,62,"ruber","G.ruber",25,"Re-sampling","A"
88929.22798,375.966401,116481.3553,11.3955961411461,11.6654864988367,62,"ruber","G.ruber",25,"Re-sampling","A"
46886.83068,264.1218471,116481.3553,10.7554921192683,11.6654864988367,62,"ruber","G.ruber",25,"Re-sampling","A"
51056.30358,279.5240253,116481.3553,10.8406842945204,11.6654864988367,62,"ruber","G.ruber",25,"Re-sampling","A"
161831.8677,505.0180573,161831.8677,11.9943132215677,11.9943132215677,96,"ruber","G.ruber",27,"Re-sampling","A"
26421.06002,202.5822111,161831.8677,10.1819166991488,11.9943132215677,96,"ruber","G.ruber",27,"Re-sampling","A"
33419.79871,218.1922365,161831.8677,10.4169037790912,11.9943132215677,96,"ruber","G.ruber",27,"Re-sampling","A"
58940.5515,311.3214266,161831.8677,10.9842846132211,11.9943132215677,96,"ruber","G.ruber",27,"Re-sampling","A"
26256.77038,199.6001951,161831.8677,10.1756791540024,11.9943132215677,96,"ruber","G.ruber",27,"Re-sampling","A"
33850.23757,221.6658425,161831.8677,10.4297012966319,11.9943132215677,96,"ruber","G.ruber",27,"Re-sampling","A"
37425.18015,233.5187734,161831.8677,10.5300990229035,11.9943132215677,96,"ruber","G.ruber",27,"Re-sampling","A"
33840.38019,221.3320697,161831.8677,10.4294100485861,11.9943132215677,96,"ruber","G.ruber",27,"Re-sampling","A"
32871.07131,228.2604141,161831.8677,10.4003482584606,11.9943132215677,96,"ruber","G.ruber",27,"Re-sampling","A"
36350.7259,230.067026,161831.8677,10.5009694525009,11.9943132215677,96,"ruber","G.ruber",27,"Re-sampling","A"
57524.37479,300.9096086,161831.8677,10.9599640463525,11.9943132215677,96,"ruber","G.ruber",27,"Re-sampling","A"
32006.9078,218.0717299,161831.8677,10.3737070272356,11.9943132215677,96,"ruber","G.ruber",27,"Re-sampling","A"
52809.26211,298.1011014,161831.8677,10.8744418730603,11.9943132215677,96,"ruber","G.ruber",27,"Re-sampling","A"
47689.9969,265.5430545,161831.8677,10.7724769462891,11.9943132215677,96,"ruber","G.ruber",27,"Re-sampling","A"
56269.20194,304.6697343,161831.8677,10.9379026296362,11.9943132215677,96,"ruber","G.ruber",27,"Re-sampling","A"
26243.62721,199.9538121,161831.8677,10.1751784655933,11.9943132215677,96,"ruber","G.ruber",27,"Re-sampling","A"
66100.29404,322.2486557,161831.8677,11.0989284742414,11.9943132215677,96,"ruber","G.ruber",27,"Re-sampling","A"
25379.46369,197.656461,161831.8677,10.1416956098394,11.9943132215677,96,"ruber","G.ruber",27,"Re-sampling","A"
37625.61351,233.2724047,161831.8677,10.5354403078319,11.9943132215677,96,"ruber","G.ruber",27,"Re-sampling","A"
41269.55774,254.8920974,161831.8677,10.6278804064304,11.9943132215677,96,"ruber","G.ruber",27,"Re-sampling","A"
41476.56269,241.0313315,161831.8677,10.6328837922271,11.9943132215677,96,"ruber","G.ruber",27,"Re-sampling","A"
35194.12683,234.6277324,161831.8677,10.4686344962445,11.9943132215677,96,"ruber","G.ruber",27,"Re-sampling","A"
57498.08845,303.3023927,161831.8677,10.959506981885,11.9943132215677,96,"ruber","G.ruber",27,"Re-sampling","A"
33764.80696,217.8983849,161831.8677,10.4271743248299,11.9943132215677,96,"ruber","G.ruber",27,"Re-sampling","A"
46461.11039,261.3083628,161831.8677,10.7463709059527,11.9943132215677,96,"ruber","G.ruber",27,"Re-sampling","A"
30699.16226,220.2382199,161831.8677,10.3319906452551,11.9943132215677,96,"ruber","G.ruber",27,"Re-sampling","A"
41877.42941,242.4923673,161831.8677,10.6425022832057,11.9943132215677,96,"ruber","G.ruber",27,"Re-sampling","A"
26605.06441,199.0974749,161831.8677,10.188856868001,11.9943132215677,96,"ruber","G.ruber",27,"Re-sampling","A"
45945.24092,259.4596754,161831.8677,10.7352055515821,11.9943132215677,96,"ruber","G.ruber",27,"Re-sampling","A"
25110.02868,199.8634115,161831.8677,10.1310225943254,11.9943132215677,96,"ruber","G.ruber",27,"Re-sampling","A"
33432.94188,226.8742921,161831.8677,10.4172969767388,11.9943132215677,96,"ruber","G.ruber",27,"Re-sampling","A"
49033.88616,285.6445469,161831.8677,10.800266892365,11.9943132215677,96,"ruber","G.ruber",27,"Re-sampling","A"
26552.49173,197.4568751,161831.8677,10.1868788727372,11.9943132215677,96,"ruber","G.ruber",27,"Re-sampling","A"
25280.88991,204.4791274,161831.8677,10.1378040497773,11.9943132215677,96,"ruber","G.ruber",27,"Re-sampling","A"
32765.92594,235.2081921,161831.8677,10.3971444111079,11.9943132215677,96,"ruber","G.ruber",27,"Re-sampling","A"
31303.74814,220.2605977,161831.8677,10.3514931182407,11.9943132215677,96,"ruber","G.ruber",27,"Re-sampling","A"
28228.24606,208.4655745,161831.8677,10.2480783889596,11.9943132215677,96,"ruber","G.ruber",27,"Re-sampling","A"
34801.33086,239.7347749,161831.8677,10.4574109081348,11.9943132215677,96,"ruber","G.ruber",27,"Re-sampling","A"
47693.24451,260.1664234,161831.8677,10.7725450423184,11.9943132215677,96,"ruber","G.ruber",27,"Re-sampling","A"
26314.6235,204.6229975,161831.8677,10.1778800902563,11.9943132215677,96,"ruber","G.ruber",27,"Re-sampling","A"
25009.74952,192.4502761,161831.8677,10.1270210086276,11.9943132215677,96,"ruber","G.ruber",27,"Re-sampling","A"
33494.44628,232.7560783,161831.8677,10.4191349213831,11.9943132215677,96,"ruber","G.ruber",27,"Re-sampling","A"
30715.80862,214.110953,161831.8677,10.332532739802,11.9943132215677,96,"ruber","G.ruber",27,"Re-sampling","A"
23560.11295,198.2550281,161831.8677,10.0673104318966,11.9943132215677,96,"ruber","G.ruber",27,"Re-sampling","A"
28021.61581,211.3178661,161831.8677,10.2407314845381,11.9943132215677,96,"ruber","G.ruber",27,"Re-sampling","A"
25474.1962,201.4292419,161831.8677,10.1454213050907,11.9943132215677,96,"ruber","G.ruber",27,"Re-sampling","A"
33725.66432,227.8982305,161831.8677,10.4260143790287,11.9943132215677,96,"ruber","G.ruber",27,"Re-sampling","A"
26413.1425,194.7093119,161831.8677,10.1816169872319,11.9943132215677,96,"ruber","G.ruber",27,"Re-sampling","A"
28136.21954,206.6177449,161831.8677,10.2448129769383,11.9943132215677,96,"ruber","G.ruber",27,"Re-sampling","A"
35977.52697,231.2829238,161831.8677,10.4906497716792,11.9943132215677,96,"ruber","G.ruber",27,"Re-sampling","A"
21499.2565,177.7595521,161831.8677,9.97577363212246,11.9943132215677,96,"ruber","G.ruber",27,"Re-sampling","A"
22570.90185,180.7042306,161831.8677,10.024416826922,11.9943132215677,96,"ruber","G.ruber",27,"Re-sampling","A"
30739.93572,221.8632569,161831.8677,10.3333179260039,11.9943132215677,96,"ruber","G.ruber",27,"Re-sampling","A"
32342.37727,228.8841978,161831.8677,10.3841336390875,11.9943132215677,96,"ruber","G.ruber",27,"Re-sampling","A"
31031.47151,220.4450048,161831.8677,10.3427571784901,11.9943132215677,96,"ruber","G.ruber",27,"Re-sampling","A"
19299.66924,170.1130377,161831.8677,9.86784323692229,11.9943132215677,96,"ruber","G.ruber",27,"Re-sampling","A"
29529.55955,213.1651268,161831.8677,10.2931470592864,11.9943132215677,96,"ruber","G.ruber",27,"Re-sampling","A"
24623.71593,193.1125421,161831.8677,10.1114653197061,11.9943132215677,96,"ruber","G.ruber",27,"Re-sampling","A"
24919.2729,193.8918324,161831.8677,10.1233967951081,11.9943132215677,96,"ruber","G.ruber",27,"Re-sampling","A"
53239.70096,295.2380595,161831.8677,10.8825596556638,11.9943132215677,96,"ruber","G.ruber",27,"Re-sampling","A"
26154.9108,197.1821147,161831.8677,10.1717922453611,11.9943132215677,96,"ruber","G.ruber",27,"Re-sampling","A"
48383.29919,278.2855563,161831.8677,10.7869099751006,11.9943132215677,96,"ruber","G.ruber",27,"Re-sampling","A"
40277.24831,249.8403612,161831.8677,10.6035420304473,11.9943132215677,96,"ruber","G.ruber",27,"Re-sampling","A"
29480.13313,216.8023667,161831.8677,10.2914718622361,11.9943132215677,96,"ruber","G.ruber",27,"Re-sampling","A"
64490.25556,318.2523582,161831.8677,11.0742694147815,11.9943132215677,96,"ruber","G.ruber",27,"Re-sampling","A"
83846.86103,372.2169448,161831.8677,11.336747331011,11.9943132215677,96,"ruber","G.ruber",27,"Re-sampling","A"
34464.68083,225.8873095,161831.8677,10.4476903345776,11.9943132215677,96,"ruber","G.ruber",27,"Re-sampling","A"
32572.06416,228.720588,161831.8677,10.3912102723751,11.9943132215677,96,"ruber","G.ruber",27,"Re-sampling","A"
32039.76573,221.747355,161831.8677,10.3747330893578,11.9943132215677,96,"ruber","G.ruber",27,"Re-sampling","A"
27663.0897,214.3024175,161831.8677,10.2278543018004,11.9943132215677,96,"ruber","G.ruber",27,"Re-sampling","A"
31622.47004,228.720588,161831.8677,10.3616232240946,11.9943132215677,96,"ruber","G.ruber",27,"Re-sampling","A"
45274.93918,270.1434034,161831.8677,10.7205089394045,11.9943132215677,96,"ruber","G.ruber",27,"Re-sampling","A"
30689.30488,217.1884933,161831.8677,10.3316694976342,11.9943132215677,96,"ruber","G.ruber",27,"Re-sampling","A"
97039.31917,384.5265617,161831.8677,11.4828715276205,11.9943132215677,96,"ruber","G.ruber",27,"Re-sampling","A"
32164.62586,230.067026,161831.8677,10.3786225518794,11.9943132215677,96,"ruber","G.ruber",27,"Re-sampling","A"
35667.281,224.8886902,161831.8677,10.4819890489267,11.9943132215677,96,"ruber","G.ruber",27,"Re-sampling","A"
32243.48488,221.7251273,161831.8677,10.3810712825905,11.9943132215677,96,"ruber","G.ruber",27,"Re-sampling","A"
33820.66543,222.1026959,161831.8677,10.4288272978947,11.9943132215677,96,"ruber","G.ruber",27,"Re-sampling","A"
27768.23507,196.9903884,161831.8677,10.2316480230056,11.9943132215677,96,"ruber","G.ruber",27,"Re-sampling","A"
34369.39283,227.561189,161831.8677,10.444921703991,11.9943132215677,96,"ruber","G.ruber",27,"Re-sampling","A"
25924.9053,198.9819173,161831.8677,10.1629593802463,11.9943132215677,96,"ruber","G.ruber",27,"Re-sampling","A"
32190.9122,218.6134865,161831.8677,10.3794394618845,11.9943132215677,96,"ruber","G.ruber",27,"Re-sampling","A"
53877.14477,300.8058552,161831.8677,10.8944616367297,11.9943132215677,96,"ruber","G.ruber",27,"Re-sampling","A"
43789.76083,264.4332749,161831.8677,10.6871552980313,11.9943132215677,96,"ruber","G.ruber",27,"Re-sampling","A"
94486.25816,377.8243888,161831.8677,11.4562096866116,11.9943132215677,96,"ruber","G.ruber",27,"Re-sampling","A"
38690.21038,246.523881,161831.8677,10.5633418852605,11.9943132215677,96,"ruber","G.ruber",27,"Re-sampling","A"
29204.12653,208.4261663,161831.8677,10.2820652977923,11.9943132215677,96,"ruber","G.ruber",27,"Re-sampling","A"
62735.6422,301.8254558,161831.8677,11.0466850212514,11.9943132215677,96,"ruber","G.ruber",27,"Re-sampling","A"
52027.24342,281.0348766,161831.8677,10.8595227722927,11.9943132215677,96,"ruber","G.ruber",27,"Re-sampling","A"
30837.16556,218.1621161,161831.8677,10.3364759155417,11.9943132215677,96,"ruber","G.ruber",27,"Re-sampling","A"
43710.9018,262.937952,161831.8677,10.685352819079,11.9943132215677,96,"ruber","G.ruber",27,"Re-sampling","A"
31744.04438,218.7937739,161831.8677,10.3654604081431,11.9943132215677,96,"ruber","G.ruber",27,"Re-sampling","A"
30768.16391,210.0593052,161831.8677,10.3342357951025,11.9943132215677,96,"ruber","G.ruber",27,"Re-sampling","A"
33288.367,222.1618641,161831.8677,10.412963275596,11.9943132215677,96,"ruber","G.ruber",27,"Re-sampling","A"
36202.86522,242.6142874,161831.8677,10.4968935444054,11.9943132215677,96,"ruber","G.ruber",27,"Re-sampling","A"
27994.95477,209.8401999,161831.8677,10.239779586136,11.9943132215677,96,"ruber","G.ruber",27,"Re-sampling","A"
28507.53845,210.9723903,160093.6833,10.2579238382985,11.9835144434906,87,"ruber","G.ruber",31,"Re-sampling","A"
23407.98801,193.5832303,160093.6833,10.0608326110417,11.9835144434906,87,"ruber","G.ruber",31,"Re-sampling","A"
25251.31778,197.8143236,160093.6833,10.1366336226486,11.9835144434906,87,"ruber","G.ruber",31,"Re-sampling","A"
27541.51537,202.3793651,160093.6833,10.2234497950971,11.9835144434906,87,"ruber","G.ruber",31,"Re-sampling","A"
30916.02459,218.7937739,160093.6833,10.3390299236075,11.9835144434906,87,"ruber","G.ruber",31,"Re-sampling","A"
17063.12208,161.6638365,160093.6833,9.7446748101638,11.9835144434906,87,"ruber","G.ruber",31,"Re-sampling","A"
35709.9963,237.0103668,160093.6833,10.4831859369761,11.9835144434906,87,"ruber","G.ruber",31,"Re-sampling","A"
28008.09795,209.7853878,160093.6833,10.2402489598435,11.9835144434906,87,"ruber","G.ruber",31,"Re-sampling","A"
28573.25431,206.0159843,160093.6833,10.2602263952833,11.9835144434906,87,"ruber","G.ruber",31,"Re-sampling","A"
29996.0026,217.9586945,160093.6833,10.3088194050995,11.9835144434906,87,"ruber","G.ruber",31,"Re-sampling","A"
29634.56539,223.9663213,160093.6833,10.296696708685,11.9835144434906,87,"ruber","G.ruber",31,"Re-sampling","A"
24518.58598,191.1234123,160093.6833,10.1071867203612,11.9835144434906,87,"ruber","G.ruber",31,"Re-sampling","A"
37214.88941,253.4960553,160093.6833,10.5244642131384,11.9835144434906,87,"ruber","G.ruber",31,"Re-sampling","A"
50003.19504,279.046086,160093.6833,10.8198421831687,11.9835144434906,87,"ruber","G.ruber",31,"Re-sampling","A"
28218.38869,204.4550224,160093.6833,10.2477291256193,11.9835144434906,87,"ruber","G.ruber",31,"Re-sampling","A"
29388.13093,207.2562893,160093.6833,10.2883461619501,11.9835144434906,87,"ruber","G.ruber",31,"Re-sampling","A"
39110.79186,238.0409567,160093.6833,10.5741537145402,11.9835144434906,87,"ruber","G.ruber",31,"Re-sampling","A"
38926.78747,239.2800447,160093.6833,10.5694379165213,11.9835144434906,87,"ruber","G.ruber",31,"Re-sampling","A"
27196.50712,208.7412238,160093.6833,10.2108438293323,11.9835144434906,87,"ruber","G.ruber",31,"Re-sampling","A"
51619.80511,289.4043172,160093.6833,10.8516606977909,11.9835144434906,87,"ruber","G.ruber",31,"Re-sampling","A"
23986.28754,191.5784584,160093.6833,10.085237593546,11.9835144434906,87,"ruber","G.ruber",31,"Re-sampling","A"
25566.75389,187.1538175,160093.6833,10.1490481102851,11.9835144434906,87,"ruber","G.ruber",31,"Re-sampling","A"
26752.92509,197.4152693,160093.6833,10.1943990955048,11.9835144434906,87,"ruber","G.ruber",31,"Re-sampling","A"
46530.11204,264.4519129,160093.6833,10.7478549527447,11.9835144434906,87,"ruber","G.ruber",31,"Re-sampling","A"
135200.5169,474.1316285,160093.6833,11.8145142658085,11.9835144434906,87,"ruber","G.ruber",31,"Re-sampling","A"
55004.17171,291.3054844,160093.6833,10.9151643106109,11.9835144434906,87,"ruber","G.ruber",31,"Re-sampling","A"
31063.88526,213.3265817,160093.6833,10.34380117774,11.9835144434906,87,"ruber","G.ruber",31,"Re-sampling","A"
77390.27815,352.4337384,160093.6833,11.2566164463917,11.9835144434906,87,"ruber","G.ruber",31,"Re-sampling","A"
48564.01779,277.3393661,160093.6833,10.7906381609845,11.9835144434906,87,"ruber","G.ruber",31,"Re-sampling","A"
46073.38684,270.6780526,160093.6833,10.7379907703136,11.9835144434906,87,"ruber","G.ruber",31,"Re-sampling","A"
63783.8101,316.3521417,160093.6833,11.0632546769422,11.9835144434906,87,"ruber","G.ruber",31,"Re-sampling","A"
52145.53196,286.4543662,160093.6833,10.8617937800566,11.9835144434906,87,"ruber","G.ruber",31,"Re-sampling","A"
67575.61501,338.3153956,160093.6833,11.1210024722501,11.9835144434906,87,"ruber","G.ruber",31,"Re-sampling","A"
88101.96272,363.4990872,160093.6833,11.3862500899962,11.9835144434906,87,"ruber","G.ruber",31,"Re-sampling","A"
46493.96832,260.5780277,160093.6833,10.7470778696135,11.9835144434906,87,"ruber","G.ruber",31,"Re-sampling","A"
39189.65089,244.7112054,160093.6833,10.5761679830142,11.9835144434906,87,"ruber","G.ruber",31,"Re-sampling","A"
52602.25716,289.6766765,160093.6833,10.8705143095922,11.9835144434906,87,"ruber","G.ruber",31,"Re-sampling","A"
32043.05152,228.3251821,160093.6833,10.374835637596,11.9835144434906,87,"ruber","G.ruber",31,"Re-sampling","A"
114529.5943,425.6237954,160093.6833,11.6485885340822,11.9835144434906,87,"ruber","G.ruber",31,"Re-sampling","A"
106012.8193,408.9582549,160093.6833,11.5713153025744,11.9835144434906,87,"ruber","G.ruber",31,"Re-sampling","A"
105191.3711,402.5813341,160093.6833,11.5635365521574,11.9835144434906,87,"ruber","G.ruber",31,"Re-sampling","A"
78106.58098,354.4371829,160093.6833,11.2658295957861,11.9835144434906,87,"ruber","G.ruber",31,"Re-sampling","A"
68157.20034,335.9323655,160093.6833,11.1295720858357,11.9835144434906,87,"ruber","G.ruber",31,"Re-sampling","A"
73920.48094,336.7578554,160093.6833,11.2107452125173,11.9835144434906,87,"ruber","G.ruber",31,"Re-sampling","A"
46737.11699,276.1223215,160093.6833,10.7522939243334,11.9835144434906,87,"ruber","G.ruber",31,"Re-sampling","A"
38447.06172,243.7694875,160093.6833,10.5570375538083,11.9835144434906,87,"ruber","G.ruber",31,"Re-sampling","A"
28668.5423,209.4013016,160093.6833,10.2635557134969,11.9835144434906,87,"ruber","G.ruber",31,"Re-sampling","A"
38759.21203,248.8388345,160093.6833,10.5651237363347,11.9835144434906,87,"ruber","G.ruber",31,"Re-sampling","A"
35460.27605,218.8613434,160093.6833,10.4761683644259,11.9835144434906,87,"ruber","G.ruber",31,"Re-sampling","A"
42580.58908,266.0437239,160093.6833,10.6591537730159,11.9835144434906,87,"ruber","G.ruber",31,"Re-sampling","A"
33354.08285,219.213868,160093.6833,10.4149354681384,11.9835144434906,87,"ruber","G.ruber",31,"Re-sampling","A"
46076.67263,268.1351013,160093.6833,10.7380620842123,11.9835144434906,87,"ruber","G.ruber",31,"Re-sampling","A"
41913.57313,261.8798725,160093.6833,10.6433649945028,11.9835144434906,87,"ruber","G.ruber",31,"Re-sampling","A"
33820.66543,222.2136234,160093.6833,10.4288272978947,11.9835144434906,87,"ruber","G.ruber",31,"Re-sampling","A"
41785.42722,248.4423837,160093.6833,10.6403029266264,11.9835144434906,87,"ruber","G.ruber",31,"Re-sampling","A"
34132.81575,241.6372039,160093.6833,10.4380145392302,11.9835144434906,87,"ruber","G.ruber",31,"Re-sampling","A"
35933.43021,233.6383445,160093.6833,10.4894233447964,11.9835144434906,87,"ruber","G.ruber",31,"Re-sampling","A"
48564.01779,284.5900685,160093.6833,10.7906381609845,11.9835144434906,87,"ruber","G.ruber",31,"Re-sampling","A"
40799.68937,251.1978607,160093.6833,10.6164297468829,11.9835144434906,87,"ruber","G.ruber",31,"Re-sampling","A"
35322.27275,233.7437976,160093.6833,10.4722690000429,11.9835144434906,87,"ruber","G.ruber",31,"Re-sampling","A"
32315.77233,211.283651,160093.6833,10.3833106974578,11.9835144434906,87,"ruber","G.ruber",31,"Re-sampling","A"
29907.28619,213.3881834,160093.6833,10.3058574149766,11.9835144434906,87,"ruber","G.ruber",31,"Re-sampling","A"
30712.30543,215.1898653,160093.6833,10.3324186816038,11.9835144434906,87,"ruber","G.ruber",31,"Re-sampling","A"
30219.43651,216.4459146,160093.6833,10.3162405893921,11.9835144434906,87,"ruber","G.ruber",31,"Re-sampling","A"
39245.50937,242.4720413,160093.6833,10.5775923057097,11.9835144434906,87,"ruber","G.ruber",31,"Re-sampling","A"
28067.24222,201.9323868,160093.6833,10.2423584180029,11.9835144434906,87,"ruber","G.ruber",31,"Re-sampling","A"
25780.33042,197.9471629,160093.6833,10.1573670933234,11.9835144434906,87,"ruber","G.ruber",31,"Re-sampling","A"
43710.9018,253.7810571,160093.6833,10.685352819079,11.9835144434906,87,"ruber","G.ruber",31,"Re-sampling","A"
50164.19889,272.0523537,160093.6833,10.8230568817316,11.9835144434906,87,"ruber","G.ruber",31,"Re-sampling","A"
67000.60127,323.3276731,160093.6833,11.1124568725119,11.9835144434906,87,"ruber","G.ruber",31,"Re-sampling","A"
38187.48408,238.5373643,160093.6833,10.5502630990235,11.9835144434906,87,"ruber","G.ruber",31,"Re-sampling","A"
38700.06776,239.8355457,160093.6833,10.5635966299207,11.9835144434906,87,"ruber","G.ruber",31,"Re-sampling","A"
41466.70531,242.9052934,160093.6833,10.6326461025319,11.9835144434906,87,"ruber","G.ruber",31,"Re-sampling","A"
43431.60941,258.9653091,160093.6833,10.6789427824061,11.9835144434906,87,"ruber","G.ruber",31,"Re-sampling","A"
47502.70671,272.7278716,160093.6833,10.7685419717677,11.9835144434906,87,"ruber","G.ruber",31,"Re-sampling","A"
33669.51896,230.2098006,160093.6833,10.4243482251508,11.9835144434906,87,"ruber","G.ruber",31,"Re-sampling","A"
37642.04248,245.7228698,160093.6833,10.5358768557765,11.9835144434906,87,"ruber","G.ruber",31,"Re-sampling","A"
38594.92239,239.0121207,160093.6833,10.5608760024997,11.9835144434906,87,"ruber","G.ruber",31,"Re-sampling","A"
83012.26965,368.5620175,160093.6833,11.3267437029618,11.9835144434906,87,"ruber","G.ruber",31,"Re-sampling","A"
105572.5231,405.6507169,160093.6833,11.5671534184803,11.9835144434906,87,"ruber","G.ruber",31,"Re-sampling","A"
121978.4866,431.8659187,160093.6833,11.7115999688215,11.9835144434906,87,"ruber","G.ruber",31,"Re-sampling","A"
80413.20754,345.1707511,160093.6833,11.2949337145613,11.9835144434906,87,"ruber","G.ruber",31,"Re-sampling","A"
149828.8665,473.6081148,160093.6833,11.917249031768,11.9835144434906,87,"ruber","G.ruber",31,"Re-sampling","A"
160093.6833,517.4768178,160093.6833,11.9835144434906,11.9835144434906,87,"ruber","G.ruber",31,"Re-sampling","A"
108644.7394,406.3669394,160093.6833,11.5958385666569,11.9835144434906,87,"ruber","G.ruber",31,"Re-sampling","A"
108710.4552,417.9779945,160093.6833,11.5964432524766,11.9835144434906,87,"ruber","G.ruber",31,"Re-sampling","A"
103923.0551,402.9566025,160093.6833,11.5514060494882,11.9835144434906,87,"ruber","G.ruber",31,"Re-sampling","A"
26595.20704,197.5816399,75234.79806,10.1884862920681,11.2283691430663,33,"ruber","G.ruber",44,"Re-sampling","A"
31740.75858,221.7251273,75234.79806,10.3653568936058,11.2283691430663,33,"ruber","G.ruber",44,"Re-sampling","A"
24935.88167,195.0711834,75234.79806,10.1240630760878,11.2283691430663,33,"ruber","G.ruber",44,"Re-sampling","A"
38601.49398,236.343982,75234.79806,10.561046258849,11.2283691430663,33,"ruber","G.ruber",44,"Re-sampling","A"
27216.22188,206.652968,75234.79806,10.2115684671597,11.2283691430663,33,"ruber","G.ruber",44,"Re-sampling","A"
52362.39428,292.2851573,75234.79806,10.8659439462511,11.2283691430663,33,"ruber","G.ruber",44,"Re-sampling","A"
36347.44011,241.7459637,75234.79806,10.5008790570981,11.2283691430663,33,"ruber","G.ruber",44,"Re-sampling","A"
31369.46399,218.9964199,75234.79806,10.3535902143317,11.2283691430663,33,"ruber","G.ruber",44,"Re-sampling","A"
37392.32222,244.6574906,75234.79806,10.5292206740928,11.2283691430663,33,"ruber","G.ruber",44,"Re-sampling","A"
62407.06292,318.7114668,75234.79806,11.0414337357728,11.2283691430663,33,"ruber","G.ruber",44,"Re-sampling","A"
60862.74029,307.4182378,75234.79806,11.0163764485629,11.2283691430663,33,"ruber","G.ruber",44,"Re-sampling","A"
29844.85613,216.8023667,75234.79806,10.3037677800182,11.2283691430663,33,"ruber","G.ruber",44,"Re-sampling","A"
27837.23672,202.151936,75234.79806,10.2341298537751,11.2283691430663,33,"ruber","G.ruber",44,"Re-sampling","A"
65331.41852,314.0954142,75234.79806,11.0872283407477,11.2283691430663,33,"ruber","G.ruber",44,"Re-sampling","A"
41621.13757,254.8663142,75234.79806,10.6363634318663,11.2283691430663,33,"ruber","G.ruber",44,"Re-sampling","A"
26128.62446,201.5903905,75234.79806,10.1707867149553,11.2283691430663,33,"ruber","G.ruber",44,"Re-sampling","A"
38332.05897,239.0121207,75234.79806,10.5540418738638,11.2283691430663,33,"ruber","G.ruber",44,"Re-sampling","A"
39629.94713,253.9363778,75234.79806,10.5873403520933,11.2283691430663,33,"ruber","G.ruber",44,"Re-sampling","A"
24255.72255,185.7793522,75234.79806,10.0964078499697,11.2283691430663,33,"ruber","G.ruber",44,"Re-sampling","A"
36712.16311,235.7384438,75234.79806,10.5108633990262,11.2283691430663,33,"ruber","G.ruber",44,"Re-sampling","A"
44824.78557,261.0504606,75234.79806,10.7105165147474,11.2283691430663,33,"ruber","G.ruber",44,"Re-sampling","A"
56995.36215,299.4812192,75234.79806,10.9507251777168,11.2283691430663,33,"ruber","G.ruber",44,"Re-sampling","A"
35828.28484,237.8752573,75234.79806,10.48649293977,11.2283691430663,33,"ruber","G.ruber",44,"Re-sampling","A"
46418.39508,275.4431994,75234.79806,10.7454511053402,11.2283691430663,33,"ruber","G.ruber",44,"Re-sampling","A"
29864.57089,218.2750462,75234.79806,10.3044281367391,11.2283691430663,33,"ruber","G.ruber",44,"Re-sampling","A"
43431.60941,266.6297308,75234.79806,10.6789427824061,11.2283691430663,33,"ruber","G.ruber",44,"Re-sampling","A"
28563.39693,204.0850551,75234.79806,10.2598813495068,11.2283691430663,33,"ruber","G.ruber",44,"Re-sampling","A"
32365.05922,229.2371795,75234.79806,10.3848347007323,11.2283691430663,33,"ruber","G.ruber",44,"Re-sampling","A"
75234.79806,338.1210954,75234.79806,11.2283691430663,11.2283691430663,33,"ruber","G.ruber",44,"Re-sampling","A"
36616.87512,245.3615617,75234.79806,10.5082644819823,11.2283691430663,33,"ruber","G.ruber",44,"Re-sampling","A"
31947.76353,213.6882372,75234.79806,10.3718574582946,11.2283691430663,33,"ruber","G.ruber",44,"Re-sampling","A"
37379.17905,246.0235546,75234.79806,10.5288691184891,11.2283691430663,33,"ruber","G.ruber",44,"Re-sampling","A"
31721.04383,223.3713587,75234.79806,10.3647355828366,11.2283691430663,33,"ruber","G.ruber",44,"Re-sampling","A"
48133.47988,271.7089405,120459.364,10.7817332613665,11.6990677468229,87,"ruber","G.ruber",46,"Re-sampling","A"
27556.96448,206.6042703,120459.364,10.2240105768264,11.6990677468229,87,"ruber","G.ruber",46,"Re-sampling","A"
67088.52047,317.8968667,120459.364,11.1137682273998,11.6990677468229,87,"ruber","G.ruber",46,"Re-sampling","A"
47484.88995,287.144553,120459.364,10.7681668331004,11.6990677468229,87,"ruber","G.ruber",46,"Re-sampling","A"
30248.61267,230.7052466,120459.364,10.3172056002585,11.6990677468229,87,"ruber","G.ruber",46,"Re-sampling","A"
36961.51841,242.6933717,120459.364,10.5176326074334,11.6990677468229,87,"ruber","G.ruber",46,"Re-sampling","A"
54270.76205,293.7737174,120459.364,10.9017409087868,11.6990677468229,87,"ruber","G.ruber",46,"Re-sampling","A"
47079.52125,277.4810473,120459.364,10.759593392461,11.6990677468229,87,"ruber","G.ruber",46,"Re-sampling","A"
63626.67174,324.4599395,120459.364,11.0607880283996,11.6990677468229,87,"ruber","G.ruber",46,"Re-sampling","A"
27046.19991,214.2331548,120459.364,10.2053017904872,11.6990677468229,87,"ruber","G.ruber",46,"Re-sampling","A"
75374.25677,346.8739521,120459.364,11.2302210735497,11.6990677468229,87,"ruber","G.ruber",46,"Re-sampling","A"
26065.20765,194.9547888,120459.364,10.1683566637924,11.6990677468229,87,"ruber","G.ruber",46,"Re-sampling","A"
44728.38277,278.6473067,120459.364,10.7083635403966,11.6990677468229,87,"ruber","G.ruber",46,"Re-sampling","A"
34318.51446,229.5603003,120459.364,10.4434402677,11.6990677468229,87,"ruber","G.ruber",46,"Re-sampling","A"
29705.41861,212.9616176,120459.364,10.2990847529309,11.6990677468229,87,"ruber","G.ruber",46,"Re-sampling","A"
37269.59862,251.6801813,120459.364,10.5259332228956,11.6990677468229,87,"ruber","G.ruber",46,"Re-sampling","A"
51441.2885,291.6270804,120459.364,10.8481964071981,11.6990677468229,87,"ruber","G.ruber",46,"Re-sampling","A"
35494.0837,235.6597386,120459.364,10.4771213052368,11.6990677468229,87,"ruber","G.ruber",46,"Re-sampling","A"
34602.27255,234.1238051,120459.364,10.4516746395248,11.6990677468229,87,"ruber","G.ruber",46,"Re-sampling","A"
32810.54288,225.1023944,120459.364,10.3985051719932,11.6990677468229,87,"ruber","G.ruber",46,"Re-sampling","A"
48733.42556,275.8400002,120459.364,10.794120430104,11.6990677468229,87,"ruber","G.ruber",46,"Re-sampling","A"
54878.81511,291.4045917,120459.364,10.9128826716055,11.6990677468229,87,"ruber","G.ruber",46,"Re-sampling","A"
54927.45935,291.5575709,120459.364,10.9137686727638,11.6990677468229,87,"ruber","G.ruber",46,"Re-sampling","A"
20860.27349,176.4894648,120459.364,9.94560183920707,11.6990677468229,87,"ruber","G.ruber",46,"Re-sampling","A"
35696.76805,245.8794186,120459.364,10.4828154328572,11.6990677468229,87,"ruber","G.ruber",46,"Re-sampling","A"
23041.15712,180.3068774,120459.364,10.045037335771,11.6990677468229,87,"ruber","G.ruber",46,"Re-sampling","A"
69285.61884,329.0131588,120459.364,11.1459926432963,11.6990677468229,87,"ruber","G.ruber",46,"Re-sampling","A"
31716.04738,222.7854216,120459.364,10.3645780582744,11.6990677468229,87,"ruber","G.ruber",46,"Re-sampling","A"
22457.42619,179.2923261,120459.364,10.0193766264454,11.6990677468229,87,"ruber","G.ruber",46,"Re-sampling","A"
56281.39083,302.4759766,120459.364,10.9381192236095,11.6990677468229,87,"ruber","G.ruber",46,"Re-sampling","A"
53281.66242,290.4291994,120459.364,10.8833475063041,11.6990677468229,87,"ruber","G.ruber",46,"Re-sampling","A"
89278.40331,389.0040322,120459.364,11.3995148933826,11.6990677468229,87,"ruber","G.ruber",46,"Re-sampling","A"
106960.5862,428.2865144,120459.364,11.5802156923143,11.6990677468229,87,"ruber","G.ruber",46,"Re-sampling","A"
60926.91617,312.1708449,120459.364,11.0174303292914,11.6990677468229,87,"ruber","G.ruber",46,"Re-sampling","A"
32964.58299,234.5562629,120459.364,10.403189021384,11.6990677468229,87,"ruber","G.ruber",46,"Re-sampling","A"
26835.40819,203.0418606,120459.364,10.1974774956001,11.6990677468229,87,"ruber","G.ruber",46,"Re-sampling","A"
39936.92469,238.4470893,120459.364,10.5950566057579,11.6990677468229,87,"ruber","G.ruber",46,"Re-sampling","A"
62134.91491,319.7404996,120459.364,11.0370633468016,11.6990677468229,87,"ruber","G.ruber",46,"Re-sampling","A"
51554.79174,287.2433567,120459.364,10.8504004383745,11.6990677468229,87,"ruber","G.ruber",46,"Re-sampling","A"
98634.31299,408.0057743,120459.364,11.4991744819791,11.6990677468229,87,"ruber","G.ruber",46,"Re-sampling","A"
23487.06269,185.4931146,120459.364,10.0642050247086,11.6990677468229,87,"ruber","G.ruber",46,"Re-sampling","A"
47411.92359,281.9446804,120459.364,10.7666290285808,11.6990677468229,87,"ruber","G.ruber",46,"Re-sampling","A"
27629.93085,204.6328104,120459.364,10.2266549151999,11.6990677468229,87,"ruber","G.ruber",46,"Re-sampling","A"
39045.11354,252.7088949,120459.364,10.5724730140193,11.6990677468229,87,"ruber","G.ruber",46,"Re-sampling","A"
27702.89721,199.0903108,120459.364,10.2292922791248,11.6990677468229,87,"ruber","G.ruber",46,"Re-sampling","A"
40909.80958,258.3563639,120459.364,10.6191251563049,11.6990677468229,87,"ruber","G.ruber",46,"Re-sampling","A"
41290.85616,264.6959137,120459.364,10.6283963539522,11.6990677468229,87,"ruber","G.ruber",46,"Re-sampling","A"
49754.9547,277.5978937,120459.364,10.8148653295876,11.6990677468229,87,"ruber","G.ruber",46,"Re-sampling","A"
38347.87937,236.261022,120459.364,10.5544545085259,11.6990677468229,87,"ruber","G.ruber",46,"Re-sampling","A"
54886.92248,283.4217041,120459.364,10.9130303929289,11.6990677468229,87,"ruber","G.ruber",46,"Re-sampling","A"
37245.2765,238.0387309,120459.364,10.5252804103981,11.6990677468229,87,"ruber","G.ruber",46,"Re-sampling","A"
44663.52378,257.7437161,120459.364,10.706912424655,11.6990677468229,87,"ruber","G.ruber",46,"Re-sampling","A"
34448.23244,240.2592421,120459.364,10.4472129671429,11.6990677468229,87,"ruber","G.ruber",46,"Re-sampling","A"
24678.84668,194.8923999,120459.364,10.1137017459712,11.6990677468229,87,"ruber","G.ruber",46,"Re-sampling","A"
35331.93622,228.0188368,120459.364,10.4725425427009,11.6990677468229,87,"ruber","G.ruber",46,"Re-sampling","A"
38931.61031,254.6742873,120459.364,10.5695618039925,11.6990677468229,87,"ruber","G.ruber",46,"Re-sampling","A"
51262.92627,280.0983022,120459.364,10.844723085101,11.6990677468229,87,"ruber","G.ruber",46,"Re-sampling","A"
61964.66005,328.939226,120459.364,11.0343195023224,11.6990677468229,87,"ruber","G.ruber",46,"Re-sampling","A"
35340.04359,237.4248764,120459.364,10.4727719793194,11.6990677468229,87,"ruber","G.ruber",46,"Re-sampling","A"
27946.11843,214.8378007,120459.364,10.2380335934472,11.6990677468229,87,"ruber","G.ruber",46,"Re-sampling","A"
73501.45336,351.6211806,120459.364,11.2050604586109,11.6990677468229,87,"ruber","G.ruber",46,"Re-sampling","A"
43236.62594,259.1084034,120459.364,10.6744432377187,11.6990677468229,87,"ruber","G.ruber",46,"Re-sampling","A"
33937.46788,227.3601045,120459.364,10.4322749302302,11.6990677468229,87,"ruber","G.ruber",46,"Re-sampling","A"
41250.31929,259.9206574,120459.364,10.6274141320965,11.6990677468229,87,"ruber","G.ruber",46,"Re-sampling","A"
41161.13818,252.4039332,120459.364,10.625249842141,11.6990677468229,87,"ruber","G.ruber",46,"Re-sampling","A"
46536.32719,258.8736257,120459.364,10.7479885164667,11.6990677468229,87,"ruber","G.ruber",46,"Re-sampling","A"
59321.6561,306.6287937,120459.364,10.9907297139336,11.6990677468229,87,"ruber","G.ruber",46,"Re-sampling","A"
94977.88728,389.3789961,120459.364,11.4613993780149,11.6990677468229,87,"ruber","G.ruber",46,"Re-sampling","A"
52487.13976,282.0021849,120459.364,10.8683234616205,11.6990677468229,87,"ruber","G.ruber",46,"Re-sampling","A"
50971.06081,299.9999327,120459.364,10.8390133155562,11.6990677468229,87,"ruber","G.ruber",46,"Re-sampling","A"
30662.08875,217.7800228,120459.364,10.3307822763284,11.6990677468229,87,"ruber","G.ruber",46,"Re-sampling","A"
40431.47451,246.4064213,120459.364,10.6073638326599,11.6990677468229,87,"ruber","G.ruber",46,"Re-sampling","A"
40407.15239,251.1481043,120459.364,10.6067620876361,11.6990677468229,87,"ruber","G.ruber",46,"Re-sampling","A"
79468.48068,357.1120191,120459.364,11.2831157525937,11.6990677468229,87,"ruber","G.ruber",46,"Re-sampling","A"
65677.83738,328.6186584,120459.364,11.0925168169703,11.6990677468229,87,"ruber","G.ruber",46,"Re-sampling","A"
56419.21618,310.9347775,120459.364,10.9405650918682,11.6990677468229,87,"ruber","G.ruber",46,"Re-sampling","A"
52584.42825,279.5623116,120459.364,10.8701753140225,11.6990677468229,87,"ruber","G.ruber",46,"Re-sampling","A"
43731.17576,265.3536204,120459.364,10.6858165308509,11.6990677468229,87,"ruber","G.ruber",46,"Re-sampling","A"
42936.6531,256.2294192,120459.364,10.6674811247527,11.6990677468229,87,"ruber","G.ruber",46,"Re-sampling","A"
56727.2964,304.8920319,120459.364,10.9460107918608,11.6990677468229,87,"ruber","G.ruber",46,"Re-sampling","A"
55154.46583,293.1659471,120459.364,10.9178929974685,11.6990677468229,87,"ruber","G.ruber",46,"Re-sampling","A"
65912.95123,327.7540335,120459.364,11.0960902297095,11.6990677468229,87,"ruber","G.ruber",46,"Re-sampling","A"
120459.364,446.815495,120459.364,11.6990677468229,11.6990677468229,87,"ruber","G.ruber",46,"Re-sampling","A"
48157.802,281.138382,120459.364,10.7822384394063,11.6990677468229,87,"ruber","G.ruber",46,"Re-sampling","A"
46730.90417,258.5445788,120459.364,10.7521609843196,11.6990677468229,87,"ruber","G.ruber",46,"Re-sampling","A"
34180.6891,241.0172924,120459.364,10.4394161173792,11.6990677468229,87,"ruber","G.ruber",46,"Re-sampling","A"
37999.26229,231.0739398,120459.364,10.545322025099,11.6990677468229,87,"ruber","G.ruber",46,"Re-sampling","A"
28990.72923,206.1782513,30584.0169,10.2747313761354,10.3282328279526,4,"rubescens","G.rubescens",31,"Re-sampling","A"
24882.88961,198.726742,30584.0169,10.1219356819902,10.3282328279526,4,"rubescens","G.rubescens",31,"Re-sampling","A"
27951.02405,211.8401039,30584.0169,10.2382091165525,10.3282328279526,4,"rubescens","G.rubescens",31,"Re-sampling","A"
30584.0169,217.2692126,30584.0169,10.3282328279526,10.3282328279526,4,"rubescens","G.rubescens",31,"Re-sampling","A"
140786.3647,506.0579926,162889.893,11.8549988763973,12.0008297484664,17,"sacculifer","G.sacculifer",20,"Re-sampling","A"
100190.3945,406.0757471,162889.893,11.5148275997643,12.0008297484664,17,"sacculifer","G.sacculifer",20,"Re-sampling","A"
137500.5719,485.9627423,162889.893,11.8313833553528,12.0008297484664,17,"sacculifer","G.sacculifer",20,"Re-sampling","A"
103712.7644,396.9800939,162889.893,11.5493804763245,12.0008297484664,17,"sacculifer","G.sacculifer",20,"Re-sampling","A"
128182.0635,457.5884036,162889.893,11.7612069033839,12.0008297484664,17,"sacculifer","G.sacculifer",20,"Re-sampling","A"
44483.06312,273.8520316,162889.893,10.7028637916613,12.0008297484664,17,"sacculifer","G.sacculifer",20,"Re-sampling","A"
99513.52116,390.899615,162889.893,11.5080488049696,12.0008297484664,17,"sacculifer","G.sacculifer",20,"Re-sampling","A"
112104.6792,433.6047334,162889.893,11.6271883494915,12.0008297484664,17,"sacculifer","G.sacculifer",20,"Re-sampling","A"
69875.66998,339.5078967,162889.893,11.1544727986762,12.0008297484664,17,"sacculifer","G.sacculifer",20,"Re-sampling","A"
85391.18365,358.9097679,162889.893,11.354998138499,12.0008297484664,17,"sacculifer","G.sacculifer",20,"Re-sampling","A"
85801.90775,364.1358033,162889.893,11.3597965200773,12.0008297484664,17,"sacculifer","G.sacculifer",20,"Re-sampling","A"
47384.41817,261.5848531,162889.893,10.7660487230487,12.0008297484664,17,"sacculifer","G.sacculifer",20,"Re-sampling","A"
65291.98901,321.9119969,162889.893,11.0866246279531,12.0008297484664,17,"sacculifer","G.sacculifer",20,"Re-sampling","A"
131990.2973,473.1083304,162889.893,11.7904836935638,12.0008297484664,17,"sacculifer","G.sacculifer",20,"Re-sampling","A"
162889.893,529.9247898,162889.893,12.0008297484664,12.0008297484664,17,"sacculifer","G.sacculifer",20,"Re-sampling","A"
84651.88027,364.383866,162889.893,11.3463025996005,12.0008297484664,17,"sacculifer","G.sacculifer",20,"Re-sampling","A"
55372.1805,296.7145643,162889.893,10.9218325895726,12.0008297484664,17,"sacculifer","G.sacculifer",20,"Re-sampling","A"
40300.24886,258.9653091,240451.0323,10.6041129231018,12.3902717398968,28,"sacculifer","G.sacculifer",25,"Re-sampling","A"
54665.73505,280.4028107,240451.0323,10.9089923762247,12.3902717398968,28,"sacculifer","G.sacculifer",25,"Re-sampling","A"
115265.6119,420.5446447,240451.0323,11.6549944128562,12.3902717398968,28,"sacculifer","G.sacculifer",25,"Re-sampling","A"
51593.51876,286.8211894,240451.0323,10.8511513381543,12.3902717398968,28,"sacculifer","G.sacculifer",25,"Re-sampling","A"
60491.4457,300.1661619,240451.0323,11.0102572406335,12.3902717398968,28,"sacculifer","G.sacculifer",25,"Re-sampling","A"
106630.5484,424.5300176,240451.0323,11.5771253200169,12.3902717398968,28,"sacculifer","G.sacculifer",25,"Re-sampling","A"
48915.59762,270.5505618,240451.0323,10.7978515943371,12.3902717398968,28,"sacculifer","G.sacculifer",25,"Re-sampling","A"
35959.71656,242.2347788,240451.0323,10.4901546064633,12.3902717398968,28,"sacculifer","G.sacculifer",25,"Re-sampling","A"
137701.0052,468.3478097,240451.0323,11.8328399846175,12.3902717398968,28,"sacculifer","G.sacculifer",25,"Re-sampling","A"
122990.5108,467.8564522,240451.0323,11.719862483411,12.3902717398968,28,"sacculifer","G.sacculifer",25,"Re-sampling","A"
113353.2805,435.4686678,240451.0323,11.638264596849,12.3902717398968,28,"sacculifer","G.sacculifer",25,"Re-sampling","A"
90126.01109,371.9299362,240451.0323,11.4089640932761,12.3902717398968,28,"sacculifer","G.sacculifer",25,"Re-sampling","A"
42646.30493,268.6187078,240451.0323,10.6606959121209,12.3902717398968,28,"sacculifer","G.sacculifer",25,"Re-sampling","A"
100762.1224,400.6013066,240451.0323,11.520517794159,12.3902717398968,28,"sacculifer","G.sacculifer",25,"Re-sampling","A"
58013.95792,294.2123823,240451.0323,10.9684389143692,12.3902717398968,28,"sacculifer","G.sacculifer",25,"Re-sampling","A"
228747.0383,615.5121422,240451.0323,12.3403720357315,12.3902717398968,28,"sacculifer","G.sacculifer",25,"Re-sampling","A"
74975.22043,353.9362245,240451.0323,11.2249129436596,12.3902717398968,28,"sacculifer","G.sacculifer",25,"Re-sampling","A"
240451.0323,665.5506962,240451.0323,12.3902717398968,12.3902717398968,28,"sacculifer","G.sacculifer",25,"Re-sampling","A"
194282.3575,598.0950527,240451.0323,12.1770678309341,12.3902717398968,28,"sacculifer","G.sacculifer",25,"Re-sampling","A"
168301.5937,532.6706927,240451.0323,12.0335128495339,12.3902717398968,28,"sacculifer","G.sacculifer",25,"Re-sampling","A"
160100.2549,525.3539178,240451.0323,11.9835554911135,12.3902717398968,28,"sacculifer","G.sacculifer",25,"Re-sampling","A"
50374.48963,260.4519008,240451.0323,10.8272401677833,12.3902717398968,28,"sacculifer","G.sacculifer",25,"Re-sampling","A"
180360.4534,547.4910497,240451.0323,12.102712646393,12.3902717398968,28,"sacculifer","G.sacculifer",25,"Re-sampling","A"
124304.8279,457.2328221,240451.0323,11.7304921174525,12.3902717398968,28,"sacculifer","G.sacculifer",25,"Re-sampling","A"
152148.6363,474.2563544,240451.0323,11.9326131924194,12.3902717398968,28,"sacculifer","G.sacculifer",25,"Re-sampling","A"
102963.6036,414.1676156,240451.0323,11.5421308416575,12.3902717398968,28,"sacculifer","G.sacculifer",25,"Re-sampling","A"
81103.22403,374.7024512,240451.0323,11.3034779930741,12.3902717398968,28,"sacculifer","G.sacculifer",25,"Re-sampling","A"
187838.9178,558.4923815,240451.0323,12.1433400543191,12.3902717398968,28,"sacculifer","G.sacculifer",25,"Re-sampling","A"
83326.96031,369.9880166,366783.1944,11.3305274289718,12.8125262015209,47,"sacculifer","G.sacculifer",27,"Re-sampling","A"
39220.6113,253.052037,366783.1944,10.5769576860644,12.8125262015209,47,"sacculifer","G.sacculifer",27,"Re-sampling","A"
46760.32999,281.2448863,366783.1944,10.7527904726612,12.8125262015209,47,"sacculifer","G.sacculifer",27,"Re-sampling","A"
97915.81332,403.9176393,366783.1944,11.4918633407046,12.8125262015209,47,"sacculifer","G.sacculifer",27,"Re-sampling","A"
52884.59215,284.6839279,366783.1944,10.8758673117158,12.8125262015209,47,"sacculifer","G.sacculifer",27,"Re-sampling","A"
32376.55733,236.3945522,366783.1944,10.3851899007021,12.8125262015209,47,"sacculifer","G.sacculifer",27,"Re-sampling","A"
102011.3885,426.4057035,366783.1944,11.5328397379946,12.8125262015209,47,"sacculifer","G.sacculifer",27,"Re-sampling","A"
83349.07682,371.6011766,366783.1944,11.3307928121728,12.8125262015209,47,"sacculifer","G.sacculifer",27,"Re-sampling","A"
38504.84067,249.1243525,366783.1944,10.5585392440606,12.8125262015209,47,"sacculifer","G.sacculifer",27,"Re-sampling","A"
113986.4724,430.1449715,366783.1944,11.6438350571777,12.8125262015209,47,"sacculifer","G.sacculifer",27,"Re-sampling","A"
107367.6047,424.3733206,366783.1944,11.5840137833407,12.8125262015209,47,"sacculifer","G.sacculifer",27,"Re-sampling","A"
95635.80238,375.8218365,366783.1944,11.468302530814,12.8125262015209,47,"sacculifer","G.sacculifer",27,"Re-sampling","A"
36922.50505,251.761597,366783.1944,10.5165765370734,12.8125262015209,47,"sacculifer","G.sacculifer",27,"Re-sampling","A"
195379.2435,586.2615458,366783.1944,12.1826977872576,12.8125262015209,47,"sacculifer","G.sacculifer",27,"Re-sampling","A"
131251.4229,467.5807266,366783.1944,11.784870021538,12.8125262015209,47,"sacculifer","G.sacculifer",27,"Re-sampling","A"
78933.81756,367.9308845,366783.1944,11.2763650279334,12.8125262015209,47,"sacculifer","G.sacculifer",27,"Re-sampling","A"
93806.16398,411.045081,366783.1944,11.4489858469077,12.8125262015209,47,"sacculifer","G.sacculifer",27,"Re-sampling","A"
45272.49216,259.9460793,366783.1944,10.7204548899419,12.8125262015209,47,"sacculifer","G.sacculifer",27,"Re-sampling","A"
146781.2328,499.1215867,366783.1944,11.8966985450282,12.8125262015209,47,"sacculifer","G.sacculifer",27,"Re-sampling","A"
28351.35285,215.1274008,366783.1944,10.2524300275941,12.8125262015209,47,"sacculifer","G.sacculifer",27,"Re-sampling","A"
100963.8703,409.7590732,366783.1944,11.5225180120244,12.8125262015209,47,"sacculifer","G.sacculifer",27,"Re-sampling","A"
43171.42389,259.9190066,366783.1944,10.6729340713273,12.8125262015209,47,"sacculifer","G.sacculifer",27,"Re-sampling","A"
119248.1907,448.2930712,366783.1944,11.6889622363084,12.8125262015209,47,"sacculifer","G.sacculifer",27,"Re-sampling","A"
145086.304,495.8418781,366783.1944,11.8850840443414,12.8125262015209,47,"sacculifer","G.sacculifer",27,"Re-sampling","A"
70165.62737,339.3295937,366783.1944,11.1586138314978,12.8125262015209,47,"sacculifer","G.sacculifer",27,"Re-sampling","A"
36838.0602,243.8385044,366783.1944,10.5142868342598,12.8125262015209,47,"sacculifer","G.sacculifer",27,"Re-sampling","A"
235200.3354,632.0106039,366783.1944,12.368192921026,12.8125262015209,47,"sacculifer","G.sacculifer",27,"Re-sampling","A"
111404.8054,466.7595661,366783.1944,11.6209257419902,12.8125262015209,47,"sacculifer","G.sacculifer",27,"Re-sampling","A"
77547.9962,346.7899981,366783.1944,11.2586523294572,12.8125262015209,47,"sacculifer","G.sacculifer",27,"Re-sampling","A"
102437.8768,417.9151005,366783.1944,11.5370118138199,12.8125262015209,47,"sacculifer","G.sacculifer",27,"Re-sampling","A"
182561.9345,559.247878,366783.1944,12.114844761556,12.8125262015209,47,"sacculifer","G.sacculifer",27,"Re-sampling","A"
86570.78327,384.4411018,366783.1944,11.3687176619915,12.8125262015209,47,"sacculifer","G.sacculifer",27,"Re-sampling","A"
62137.6279,314.9103252,366783.1944,11.0371070087392,12.8125262015209,47,"sacculifer","G.sacculifer",27,"Re-sampling","A"
189718.3913,569.3359826,366783.1944,12.1532961006176,12.8125262015209,47,"sacculifer","G.sacculifer",27,"Re-sampling","A"
64299.67958,319.9000112,366783.1944,11.0713099270096,12.8125262015209,47,"sacculifer","G.sacculifer",27,"Re-sampling","A"
134530.2152,476.2095785,366783.1944,11.8095441011215,12.8125262015209,47,"sacculifer","G.sacculifer",27,"Re-sampling","A"
53095.12608,299.2287656,366783.1944,10.8798404154467,12.8125262015209,47,"sacculifer","G.sacculifer",27,"Re-sampling","A"
65613.9967,324.4638682,366783.1944,11.0915443165025,12.8125262015209,47,"sacculifer","G.sacculifer",27,"Re-sampling","A"
75589.66369,346.0739055,366783.1944,11.2330748291428,12.8125262015209,47,"sacculifer","G.sacculifer",27,"Re-sampling","A"
31034.31313,226.1998358,366783.1944,10.3428487464939,12.8125262015209,47,"sacculifer","G.sacculifer",27,"Re-sampling","A"
80419.77912,366.9358692,366783.1944,11.295015433867,12.8125262015209,47,"sacculifer","G.sacculifer",27,"Re-sampling","A"
366783.1944,814.2929386,366783.1944,12.8125262015209,12.8125262015209,47,"sacculifer","G.sacculifer",27,"Re-sampling","A"
53229.84359,288.5800043,366783.1944,10.8823744877819,12.8125262015209,47,"sacculifer","G.sacculifer",27,"Re-sampling","A"
325326.3465,759.744653,366783.1944,12.6925841005744,12.8125262015209,47,"sacculifer","G.sacculifer",27,"Re-sampling","A"
60360.01399,303.497331,366783.1944,11.0080821446578,12.8125262015209,47,"sacculifer","G.sacculifer",27,"Re-sampling","A"
303239.2472,677.9406727,366783.1944,12.6222773676451,12.8125262015209,47,"sacculifer","G.sacculifer",27,"Re-sampling","A"
157274.473,516.1830482,366783.1944,11.965747793614,12.8125262015209,47,"sacculifer","G.sacculifer",27,"Re-sampling","A"
43448.03838,267.0299419,257234.862,10.6793209830691,12.4577448064838,32,"sacculifer","G.sacculifer",31,"Re-sampling","A"
41897.14417,259.2189481,257234.862,10.6429729453535,12.4577448064838,32,"sacculifer","G.sacculifer",31,"Re-sampling","A"
46270.53441,274.1518281,257234.862,10.7422606316506,12.4577448064838,32,"sacculifer","G.sacculifer",31,"Re-sampling","A"
58109.24591,307.3701364,257234.862,10.9700800680447,12.4577448064838,32,"sacculifer","G.sacculifer",31,"Re-sampling","A"
75924.81455,343.7112085,257234.862,11.237498847369,12.4577448064838,32,"sacculifer","G.sacculifer",31,"Re-sampling","A"
67979.76753,343.7112085,257234.862,11.126965403562,12.4577448064838,32,"sacculifer","G.sacculifer",31,"Re-sampling","A"
74410.06406,354.886515,257234.862,11.2173464812967,12.4577448064838,32,"sacculifer","G.sacculifer",31,"Re-sampling","A"
93681.23892,400.777614,257234.862,11.4476532232055,12.4577448064838,32,"sacculifer","G.sacculifer",31,"Re-sampling","A"
70549.25751,348.4205811,257234.862,11.1640664329166,12.4577448064838,32,"sacculifer","G.sacculifer",31,"Re-sampling","A"
71811.00195,340.5611762,257234.862,11.1817929737991,12.4577448064838,32,"sacculifer","G.sacculifer",31,"Re-sampling","A"
83511.71016,372.2875591,257234.862,11.3327421424432,12.4577448064838,32,"sacculifer","G.sacculifer",31,"Re-sampling","A"
98964.79376,382.796573,257234.862,11.5025194472836,12.4577448064838,32,"sacculifer","G.sacculifer",31,"Re-sampling","A"
116093.6317,447.7455493,257234.862,11.6621523143297,12.4577448064838,32,"sacculifer","G.sacculifer",31,"Re-sampling","A"
130081.2517,475.8230279,257234.862,11.7759145472753,12.4577448064838,32,"sacculifer","G.sacculifer",31,"Re-sampling","A"
71745.28609,336.889551,257234.862,11.1808774323695,12.4577448064838,32,"sacculifer","G.sacculifer",31,"Re-sampling","A"
113471.569,433.9266726,257234.862,11.6393075911328,12.4577448064838,32,"sacculifer","G.sacculifer",31,"Re-sampling","A"
147778.5318,504.461463,257234.862,11.9034700252547,12.4577448064838,32,"sacculifer","G.sacculifer",31,"Re-sampling","A"
88703.26281,364.7488876,257234.862,11.3930519524013,12.4577448064838,32,"sacculifer","G.sacculifer",31,"Re-sampling","A"
109127.7509,442.1925424,257234.862,11.6002745015298,12.4577448064838,32,"sacculifer","G.sacculifer",31,"Re-sampling","A"
77653.14157,349.7101779,257234.862,11.2600072858396,12.4577448064838,32,"sacculifer","G.sacculifer",31,"Re-sampling","A"
97404.04218,404.7303166,257234.862,11.4866229895908,12.4577448064838,32,"sacculifer","G.sacculifer",31,"Re-sampling","A"
132841.3177,464.4165437,257234.862,11.7969105948935,12.4577448064838,32,"sacculifer","G.sacculifer",31,"Re-sampling","A"
69412.37319,338.3493866,257234.862,11.1478204186438,12.4577448064838,32,"sacculifer","G.sacculifer",31,"Re-sampling","A"
187227.7603,586.2877773,257234.862,12.1400811242323,12.4577448064838,32,"sacculifer","G.sacculifer",31,"Re-sampling","A"
202112.4018,563.0772647,257234.862,12.2165792661799,12.4577448064838,32,"sacculifer","G.sacculifer",31,"Re-sampling","A"
141111.6582,511.6917044,257234.862,11.8573067580989,12.4577448064838,32,"sacculifer","G.sacculifer",31,"Re-sampling","A"
257234.862,639.5354815,257234.862,12.4577448064838,12.4577448064838,32,"sacculifer","G.sacculifer",31,"Re-sampling","A"
126420.8785,454.7215148,257234.862,11.7473719250608,12.4577448064838,32,"sacculifer","G.sacculifer",31,"Re-sampling","A"
96037.15237,387.3573658,257234.862,11.4724903994375,12.4577448064838,32,"sacculifer","G.sacculifer",31,"Re-sampling","A"
182588.2209,543.8026786,257234.862,12.1149887373953,12.4577448064838,32,"sacculifer","G.sacculifer",31,"Re-sampling","A"
182525.7908,575.5551877,257234.862,12.1146467614721,12.4577448064838,32,"sacculifer","G.sacculifer",31,"Re-sampling","A"
123913.8186,461.2645034,257234.862,11.7273415916645,12.4577448064838,32,"sacculifer","G.sacculifer",31,"Re-sampling","A"
132662.8582,477.0417338,310395.1388,11.7955662881512,12.6456014060861,13,"sacculifer","G.sacculifer",44,"Re-sampling","A"
310395.1388,727.0506447,310395.1388,12.6456014060861,12.6456014060861,13,"sacculifer","G.sacculifer",44,"Re-sampling","A"
62676.17348,318.9890794,310395.1388,11.0457366461061,12.6456014060861,13,"sacculifer","G.sacculifer",44,"Re-sampling","A"
93613.14719,386.8310788,310395.1388,11.4469261140335,12.6456014060861,13,"sacculifer","G.sacculifer",44,"Re-sampling","A"
57804.50991,305.150014,310395.1388,10.9648220777412,12.6456014060861,13,"sacculifer","G.sacculifer",44,"Re-sampling","A"
27275.68631,212.9103082,310395.1388,10.2137509729878,12.6456014060861,13,"sacculifer","G.sacculifer",44,"Re-sampling","A"
195648.6628,612.9266266,310395.1388,12.1840757929615,12.6456014060861,13,"sacculifer","G.sacculifer",44,"Re-sampling","A"
195626.5463,573.5266287,310395.1388,12.1839627446543,12.6456014060861,13,"sacculifer","G.sacculifer",44,"Re-sampling","A"
80116.04544,362.0754312,310395.1388,11.2912314305986,12.6456014060861,13,"sacculifer","G.sacculifer",44,"Re-sampling","A"
77305.23832,366.9897713,310395.1388,11.2555169983856,12.6456014060861,13,"sacculifer","G.sacculifer",44,"Re-sampling","A"
100981.9656,410.4968771,310395.1388,11.5226972214641,12.6456014060861,13,"sacculifer","G.sacculifer",44,"Re-sampling","A"
30456.4423,217.4975869,310395.1388,10.3240528205468,12.6456014060861,13,"sacculifer","G.sacculifer",44,"Re-sampling","A"
186846.2926,564.2812936,310395.1388,12.1380415931326,12.6456014060861,13,"sacculifer","G.sacculifer",44,"Re-sampling","A"
67007.18907,313.7238082,351714.5906,11.1125551921692,12.7705753035271,27,"sacculifer","G.sacculifer",46,"Re-sampling","A"
77993.28239,365.6616879,351714.5906,11.2643779787578,12.7705753035271,27,"sacculifer","G.sacculifer",46,"Re-sampling","A"
68190.92067,344.9805466,351714.5906,11.1300667069634,12.7705753035271,27,"sacculifer","G.sacculifer",46,"Re-sampling","A"
88367.55938,374.236208,351714.5906,11.3892602059344,12.7705753035271,27,"sacculifer","G.sacculifer",46,"Re-sampling","A"
82834.61165,369.2270845,351714.5906,11.324601268126,12.7705753035271,27,"sacculifer","G.sacculifer",46,"Re-sampling","A"
80906.06016,365.5161653,351714.5906,11.3010440095117,12.7705753035271,27,"sacculifer","G.sacculifer",46,"Re-sampling","A"
145918.196,486.7025011,351714.5906,11.8908014422931,12.7705753035271,27,"sacculifer","G.sacculifer",46,"Re-sampling","A"
236294.109,642.0316236,351714.5906,12.3728325326907,12.7705753035271,27,"sacculifer","G.sacculifer",46,"Re-sampling","A"
282898.5533,709.2948841,351714.5906,12.5528436434554,12.7705753035271,27,"sacculifer","G.sacculifer",46,"Re-sampling","A"
47216.26066,271.0801763,351714.5906,10.7624936177537,12.7705753035271,27,"sacculifer","G.sacculifer",46,"Re-sampling","A"
75652.41989,352.1729851,351714.5906,11.2339047066758,12.7705753035271,27,"sacculifer","G.sacculifer",46,"Re-sampling","A"
96799.98452,405.1251438,351714.5906,11.4804021133473,12.7705753035271,27,"sacculifer","G.sacculifer",46,"Re-sampling","A"
245750.6614,647.6624118,351714.5906,12.4120727293588,12.7705753035271,27,"sacculifer","G.sacculifer",46,"Re-sampling","A"
146543.3126,506.6525967,351714.5906,11.8950763128904,12.7705753035271,27,"sacculifer","G.sacculifer",46,"Re-sampling","A"
72806.1439,346.9412253,351714.5906,11.1955556248546,12.7705753035271,27,"sacculifer","G.sacculifer",46,"Re-sampling","A"
175325.2811,557.7949508,351714.5906,12.074398276712,12.7705753035271,27,"sacculifer","G.sacculifer",46,"Re-sampling","A"
71436.20732,348.3758608,351714.5906,11.1765601251154,12.7705753035271,27,"sacculifer","G.sacculifer",46,"Re-sampling","A"
134080.8799,484.8132378,351714.5906,11.8061984781944,12.7705753035271,27,"sacculifer","G.sacculifer",46,"Re-sampling","A"
64254.01556,317.2021224,351714.5906,11.0705994997928,12.7705753035271,27,"sacculifer","G.sacculifer",46,"Re-sampling","A"
292714.2154,736.3077313,351714.5906,12.586952037951,12.7705753035271,27,"sacculifer","G.sacculifer",46,"Re-sampling","A"
161373.2086,526.6929909,351714.5906,11.9914750272353,12.7705753035271,27,"sacculifer","G.sacculifer",46,"Re-sampling","A"
134972.0037,488.1214618,351714.5906,11.8128226559144,12.7705753035271,27,"sacculifer","G.sacculifer",46,"Re-sampling","A"
331990.164,768.497865,351714.5906,12.7128606209537,12.7705753035271,27,"sacculifer","G.sacculifer",46,"Re-sampling","A"
168528.7997,546.4366133,351714.5906,12.0348619322706,12.7705753035271,27,"sacculifer","G.sacculifer",46,"Re-sampling","A"
351714.5906,786.8153082,351714.5906,12.7705753035271,12.7705753035271,27,"sacculifer","G.sacculifer",46,"Re-sampling","A"
125635.1544,455.870649,351714.5906,11.7411373855736,12.7705753035271,27,"sacculifer","G.sacculifer",46,"Re-sampling","A"
155427.9499,528.6590224,351714.5906,11.9539375585296,12.7705753035271,27,"sacculifer","G.sacculifer",46,"Re-sampling","A"
64939.08929,310.0072524,64939.08929,11.0812050216903,11.0812050216903,5,"scitula","G.scitula",44,"Re-sampling","A"
36597.7252,236.1550091,64939.08929,10.5077413644524,11.0812050216903,5,"scitula","G.scitula",44,"Re-sampling","A"
38346.01598,253.4658213,64939.08929,10.5544059156101,11.0812050216903,5,"scitula","G.scitula",44,"Re-sampling","A"
56406.70936,278.4400163,64939.08929,10.9403433906946,11.0812050216903,5,"scitula","G.scitula",44,"Re-sampling","A"
33108.86806,221.4897483,64939.08929,10.4075564427023,11.0812050216903,5,"scitula","G.scitula",44,"Re-sampling","A"
108629.1596,446.5492707,237496.9458,11.5956951550451,12.3779100425847,5,"siphonifera","G.siphonifera",20,"Re-sampling","A"
91081.46047,397.5553747,237496.9458,11.4195095550733,12.3779100425847,5,"siphonifera","G.siphonifera",20,"Re-sampling","A"
82785.81403,379.9876365,237496.9458,11.3240119975549,12.3779100425847,5,"siphonifera","G.siphonifera",20,"Re-sampling","A"
237496.9458,624.2355096,237496.9458,12.3779100425847,12.3779100425847,5,"siphonifera","G.siphonifera",20,"Re-sampling","A"
189306.0405,574.632171,237496.9458,12.1511202463555,12.3779100425847,5,"siphonifera","G.siphonifera",20,"Re-sampling","A"
38792.06996,255.3493149,249358.8167,10.5659711222482,12.4266481690819,29,"siphonifera","G.siphonifera",27,"Re-sampling","A"
108411.4481,418.8692862,249358.8167,11.59368897219,12.4266481690819,29,"siphonifera","G.siphonifera",27,"Re-sampling","A"
72819.74034,351.7197942,249358.8167,11.1957423559444,12.4266481690819,29,"siphonifera","G.siphonifera",27,"Re-sampling","A"
76802.12123,364.63176,249358.8167,11.2489875389366,12.4266481690819,29,"siphonifera","G.siphonifera",27,"Re-sampling","A"
179706.5806,546.5750476,249358.8167,12.0990806920233,12.4266481690819,29,"siphonifera","G.siphonifera",27,"Re-sampling","A"
113767.2904,438.8397393,249358.8167,11.6419103287783,12.4266481690819,29,"siphonifera","G.siphonifera",27,"Re-sampling","A"
173999.1585,523.1822671,249358.8167,12.0668057419781,12.4266481690819,29,"siphonifera","G.siphonifera",27,"Re-sampling","A"
232440.2695,633.8794635,249358.8167,12.3563885656274,12.4266481690819,29,"siphonifera","G.siphonifera",27,"Re-sampling","A"
136255.2564,480.2085229,249358.8167,11.8222852908639,12.4266481690819,29,"siphonifera","G.siphonifera",27,"Re-sampling","A"
65048.84034,333.5323095,249358.8167,11.0828936565719,12.4266481690819,29,"siphonifera","G.siphonifera",27,"Re-sampling","A"
177449.2409,530.4949281,249358.8167,12.0864398802408,12.4266481690819,29,"siphonifera","G.siphonifera",27,"Re-sampling","A"
93950.67393,388.3443299,249358.8167,11.4505251780995,12.4266481690819,29,"siphonifera","G.siphonifera",27,"Re-sampling","A"
97338.32632,420.1694445,249358.8167,11.4859480890748,12.4266481690819,29,"siphonifera","G.siphonifera",27,"Re-sampling","A"
84602.59337,391.7602539,249358.8167,11.3457201996162,12.4266481690819,29,"siphonifera","G.siphonifera",27,"Re-sampling","A"
51721.66468,306.6852121,249358.8167,10.8536320187561,12.4266481690819,29,"siphonifera","G.siphonifera",27,"Re-sampling","A"
95485.13917,414.2628065,249358.8167,11.4667259035749,12.4266481690819,29,"siphonifera","G.siphonifera",27,"Re-sampling","A"
154813.4142,549.2407054,249358.8167,11.9499758914222,12.4266481690819,29,"siphonifera","G.siphonifera",27,"Re-sampling","A"
163330.1892,518.5392922,249358.8167,12.0035291314375,12.4266481690819,29,"siphonifera","G.siphonifera",27,"Re-sampling","A"
66146.29514,329.6130146,249358.8167,11.0996241610208,12.4266481690819,29,"siphonifera","G.siphonifera",27,"Re-sampling","A"
84796.45515,376.1727706,249358.8167,11.3480090184298,12.4266481690819,29,"siphonifera","G.siphonifera",27,"Re-sampling","A"
44910.21618,276.6038425,249358.8167,10.7124205796975,12.4266481690819,29,"siphonifera","G.siphonifera",27,"Re-sampling","A"
106466.2588,428.5166641,249358.8167,11.5755833951546,12.4266481690819,29,"siphonifera","G.siphonifera",27,"Re-sampling","A"
73772.62026,350.3860196,249358.8167,11.2087429425643,12.4266481690819,29,"siphonifera","G.siphonifera",27,"Re-sampling","A"
97561.76023,416.7616752,249358.8167,11.488240894705,12.4266481690819,29,"siphonifera","G.siphonifera",27,"Re-sampling","A"
99161.94133,415.4508524,249358.8167,11.5045095637106,12.4266481690819,29,"siphonifera","G.siphonifera",27,"Re-sampling","A"
178484.2657,540.1773274,249358.8167,12.0922557289777,12.4266481690819,29,"siphonifera","G.siphonifera",27,"Re-sampling","A"
124439.5455,453.4226024,249358.8167,11.7315752986423,12.4266481690819,29,"siphonifera","G.siphonifera",27,"Re-sampling","A"
185805.012,566.413992,249358.8167,12.1324530802402,12.4266481690819,29,"siphonifera","G.siphonifera",27,"Re-sampling","A"
249358.8167,666.5570739,249358.8167,12.4266481690819,12.4266481690819,29,"siphonifera","G.siphonifera",27,"Re-sampling","A"
174012.3016,545.0248612,226765.7053,12.0668812745482,12.3316726282029,10,"siphonifera","G.siphonifera",31,"Re-sampling","A"
165354.2376,539.7087483,226765.7053,12.0158453461432,12.3316726282029,10,"siphonifera","G.siphonifera",31,"Re-sampling","A"
133107.4669,485.1066701,226765.7053,11.7989121027345,12.3316726282029,10,"siphonifera","G.siphonifera",31,"Re-sampling","A"
110918.508,427.0572914,226765.7053,11.6165510485033,12.3316726282029,10,"siphonifera","G.siphonifera",31,"Re-sampling","A"
157241.6151,504.4321515,226765.7053,11.9655388510424,12.3316726282029,10,"siphonifera","G.siphonifera",31,"Re-sampling","A"
184306.6905,554.3261554,226765.7053,12.1243564452236,12.3316726282029,10,"siphonifera","G.siphonifera",31,"Re-sampling","A"
201382.9558,591.232427,226765.7053,12.2129636270856,12.3316726282029,10,"siphonifera","G.siphonifera",31,"Re-sampling","A"
226765.7053,623.9317873,226765.7053,12.3316726282029,12.3316726282029,10,"siphonifera","G.siphonifera",31,"Re-sampling","A"
102217.7286,418.9202719,226765.7053,11.5348604113749,12.3316726282029,10,"siphonifera","G.siphonifera",31,"Re-sampling","A"
74893.07561,353.7737247,226765.7053,11.2238167167671,12.3316726282029,10,"siphonifera","G.siphonifera",31,"Re-sampling","A"
185299,562.1165183,252716.8969,12.1297260156048,12.440025156594,16,"siphonifera","G.siphonifera",44,"Re-sampling","A"
245093.8576,640.5827312,252716.8969,12.4093965084107,12.440025156594,16,"siphonifera","G.siphonifera",44,"Re-sampling","A"
252716.8969,636.3756472,252716.8969,12.440025156594,12.440025156594,16,"siphonifera","G.siphonifera",44,"Re-sampling","A"
69865.8126,343.1084157,252716.8969,11.1543317184496,12.440025156594,16,"siphonifera","G.siphonifera",44,"Re-sampling","A"
109752.0516,419.3906166,252716.8969,11.6059790241568,12.440025156594,16,"siphonifera","G.siphonifera",44,"Re-sampling","A"
102198.0139,401.9074206,252716.8969,11.5346675230991,12.440025156594,16,"siphonifera","G.siphonifera",44,"Re-sampling","A"
64260.25006,336.3233825,252716.8969,11.0706965240411,12.440025156594,16,"siphonifera","G.siphonifera",44,"Re-sampling","A"
47489.56354,285.9434706,252716.8969,10.7682652509345,12.440025156594,16,"siphonifera","G.siphonifera",44,"Re-sampling","A"
122162.491,457.7894183,252716.8969,11.7131073309747,12.440025156594,16,"siphonifera","G.siphonifera",44,"Re-sampling","A"
61470.61196,305.0577389,252716.8969,11.0263144852769,12.440025156594,16,"siphonifera","G.siphonifera",44,"Re-sampling","A"
46490.68252,290.4865664,252716.8969,10.7470071955835,12.440025156594,16,"siphonifera","G.siphonifera",44,"Re-sampling","A"
45008.78997,286.6664931,252716.8969,10.7146130823442,12.440025156594,16,"siphonifera","G.siphonifera",44,"Re-sampling","A"
59528.70841,313.0632972,252716.8969,10.9942139694565,12.440025156594,16,"siphonifera","G.siphonifera",44,"Re-sampling","A"
33633.37524,239.8286955,252716.8969,10.4232741636589,12.440025156594,16,"siphonifera","G.siphonifera",44,"Re-sampling","A"
33584.08835,234.36851,252716.8969,10.421807672774,12.440025156594,16,"siphonifera","G.siphonifera",44,"Re-sampling","A"
30212.86492,226.6351987,252716.8969,10.3160231033831,12.440025156594,16,"siphonifera","G.siphonifera",44,"Re-sampling","A"
110813.3627,440.342146,206978.6609,11.615602648009,12.240370979494,13,"siphonifera","G.siphonifera",46,"Re-sampling","A"
122425.3545,466.7595661,206978.6609,11.7152567722167,12.240370979494,13,"siphonifera","G.siphonifera",46,"Re-sampling","A"
64260.25006,337.221001,206978.6609,11.0706965240411,12.240370979494,13,"siphonifera","G.siphonifera",46,"Re-sampling","A"
121646.6216,458.5316898,206978.6609,11.7088755763505,12.240370979494,13,"siphonifera","G.siphonifera",46,"Re-sampling","A"
110244.9205,446.1171043,206978.6609,11.6104597196854,12.240370979494,13,"siphonifera","G.siphonifera",46,"Re-sampling","A"
80278.49003,383.5426238,206978.6609,11.2932569939392,12.240370979494,13,"siphonifera","G.siphonifera",46,"Re-sampling","A"
64056.53091,333.773584,206978.6609,11.0675212679347,12.240370979494,13,"siphonifera","G.siphonifera",46,"Re-sampling","A"
111207.6578,431.5005627,206978.6609,11.6191545235354,12.240370979494,13,"siphonifera","G.siphonifera",46,"Re-sampling","A"
69675.23662,337.8829255,206978.6609,11.1516002483975,12.240370979494,13,"siphonifera","G.siphonifera",46,"Re-sampling","A"
83925.72005,386.1977569,206978.6609,11.3376874014957,12.240370979494,13,"siphonifera","G.siphonifera",46,"Re-sampling","A"
143967.0121,503.7281651,206978.6609,11.8773394696758,12.240370979494,13,"siphonifera","G.siphonifera",46,"Re-sampling","A"
146953.7978,512.766166,206978.6609,11.8978735156778,12.240370979494,13,"siphonifera","G.siphonifera",46,"Re-sampling","A"
206978.6609,621.3750413,206978.6609,12.240370979494,12.240370979494,13,"siphonifera","G.siphonifera",46,"Re-sampling","A"
21894.19,178.8626668,35423.96399,9.99397658380352,10.4751438189654,20,"tenellus","G.tenellus",25,"Re-sampling","A"
28460.40938,208.5648416,35423.96399,10.2562692559395,10.4751438189654,20,"tenellus","G.tenellus",25,"Re-sampling","A"
22960.11816,183.9176677,35423.96399,10.0415139967617,10.4751438189654,20,"tenellus","G.tenellus",25,"Re-sampling","A"
23144.77716,192.1930483,35423.96399,10.0495244254216,10.4751438189654,20,"tenellus","G.tenellus",25,"Re-sampling","A"
24688.27171,206.5153462,35423.96399,10.1140835802942,10.4751438189654,20,"tenellus","G.tenellus",25,"Re-sampling","A"
25591.19055,194.8647177,35423.96399,10.1500034521044,10.4751438189654,20,"tenellus","G.tenellus",25,"Re-sampling","A"
23045.44335,187.5652513,35423.96399,10.0452233434161,10.4751438189654,20,"tenellus","G.tenellus",25,"Re-sampling","A"
28126.74966,209.4574698,35423.96399,10.2444763477051,10.4751438189654,20,"tenellus","G.tenellus",25,"Re-sampling","A"
30903.00224,213.3549954,35423.96399,10.3386086180367,10.4751438189654,20,"tenellus","G.tenellus",25,"Re-sampling","A"
25373.42028,192.315594,35423.96399,10.1414574594308,10.4751438189654,20,"tenellus","G.tenellus",25,"Re-sampling","A"
31996.94763,229.0964474,35423.96399,10.3733957906698,10.4751438189654,20,"tenellus","G.tenellus",25,"Re-sampling","A"
31122.04602,229.1853715,35423.96399,10.3456717222751,10.4751438189654,20,"tenellus","G.tenellus",25,"Re-sampling","A"
28412.01598,212.9068517,35423.96399,10.2545674325559,10.4751438189654,20,"tenellus","G.tenellus",25,"Re-sampling","A"
27181.80498,211.2736091,35423.96399,10.2103030938887,10.4751438189654,20,"tenellus","G.tenellus",25,"Re-sampling","A"
26667.3068,210.0160889,35423.96399,10.1911936296998,10.4751438189654,20,"tenellus","G.tenellus",25,"Re-sampling","A"
26183.37287,202.0297177,35423.96399,10.1728798650082,10.4751438189654,20,"tenellus","G.tenellus",25,"Re-sampling","A"
33239.89373,219.9907736,35423.96399,10.4115060519125,10.4751438189654,20,"tenellus","G.tenellus",25,"Re-sampling","A"
23051.81091,179.2325268,35423.96399,10.0454996097639,10.4751438189654,20,"tenellus","G.tenellus",25,"Re-sampling","A"
31732.05748,215.5787868,35423.96399,10.3650827258409,10.4751438189654,20,"tenellus","G.tenellus",25,"Re-sampling","A"
35423.96399,232.3338327,35423.96399,10.4751438189654,10.4751438189654,20,"tenellus","G.tenellus",25,"Re-sampling","A"
31456.67846,223.313322,46327.91132,10.3563665912545,10.7434998947266,9,"tenellus","G.tenellus",27,"Re-sampling","A"
34531.76107,244.2197147,46327.91132,10.4496347902419,10.7434998947266,9,"tenellus","G.tenellus",27,"Re-sampling","A"
30041.64044,215.1811113,46327.91132,10.310339712909,10.7434998947266,9,"tenellus","G.tenellus",27,"Re-sampling","A"
24186.48313,185.3175365,46327.91132,10.0935492077514,10.7434998947266,9,"tenellus","G.tenellus",27,"Re-sampling","A"
32629.20996,231.1325779,46327.91132,10.3929631772195,10.7434998947266,9,"tenellus","G.tenellus",27,"Re-sampling","A"
33143.39044,244.2470117,46327.91132,10.4085985923257,10.7434998947266,9,"tenellus","G.tenellus",27,"Re-sampling","A"
46327.91132,280.6815216,46327.91132,10.7434998947266,10.7434998947266,9,"tenellus","G.tenellus",27,"Re-sampling","A"
43699.50737,261.5454157,46327.91132,10.6850921080224,10.7434998947266,9,"tenellus","G.tenellus",27,"Re-sampling","A"
28804.94055,214.4653874,46327.91132,10.2683021982866,10.7434998947266,9,"tenellus","G.tenellus",27,"Re-sampling","A"
32360.47259,233.5279167,46106.8877,10.3846929752067,10.7387176256336,19,"tenellus","G.tenellus",31,"Re-sampling","A"
30140.77941,225.1154426,46106.8877,10.3136343315011,10.7387176256336,19,"tenellus","G.tenellus",31,"Re-sampling","A"
34972.23115,238.169734,46106.8877,10.4623096298523,10.7387176256336,19,"tenellus","G.tenellus",31,"Re-sampling","A"
25397.79371,193.4714055,46106.8877,10.1424175874229,10.7387176256336,19,"tenellus","G.tenellus",31,"Re-sampling","A"
32083.01095,227.1028335,46106.8877,10.3760819151197,10.7387176256336,19,"tenellus","G.tenellus",31,"Re-sampling","A"
23234.3971,180.1024016,46106.8877,10.053389093259,10.7387176256336,19,"tenellus","G.tenellus",31,"Re-sampling","A"
46106.8877,280.5004153,46106.8877,10.7387176256336,10.7387176256336,19,"tenellus","G.tenellus",31,"Re-sampling","A"
26634.30758,212.6929997,46106.8877,10.1899554223922,10.7387176256336,19,"tenellus","G.tenellus",31,"Re-sampling","A"
27997.48871,218.2957459,46106.8877,10.2398700962065,10.7387176256336,19,"tenellus","G.tenellus",31,"Re-sampling","A"
35629.69462,239.634113,46106.8877,10.4809346876959,10.7387176256336,19,"tenellus","G.tenellus",31,"Re-sampling","A"
25741.60488,199.6496417,46106.8877,10.1558638288568,10.7387176256336,19,"tenellus","G.tenellus",31,"Re-sampling","A"
31208.40358,222.3068661,46106.8877,10.3484426830434,10.7387176256336,19,"tenellus","G.tenellus",31,"Re-sampling","A"
26785.10195,203.3020721,46106.8877,10.1956011145427,10.7387176256336,19,"tenellus","G.tenellus",31,"Re-sampling","A"
31628.61723,228.6029268,46106.8877,10.3618175983033,10.7387176256336,19,"tenellus","G.tenellus",31,"Re-sampling","A"
28685.11106,218.5764827,46106.8877,10.2641334887384,10.7387176256336,19,"tenellus","G.tenellus",31,"Re-sampling","A"
25224.88283,191.2082596,46106.8877,10.135586200216,10.7387176256336,19,"tenellus","G.tenellus",31,"Re-sampling","A"
36234.8827,234.7515847,46106.8877,10.4977775443365,10.7387176256336,19,"tenellus","G.tenellus",31,"Re-sampling","A"
27977.3828,216.9839272,46106.8877,10.2391517056029,10.7387176256336,19,"tenellus","G.tenellus",31,"Re-sampling","A"
25452.07969,204.696678,46106.8877,10.1445527353395,10.7387176256336,19,"tenellus","G.tenellus",31,"Re-sampling","A"
84617.76015,346.6569663,128935.2213,11.345899454413,11.7670653967539,10,"truncatulinoides","G.truncatulinoides",10,"Re-sampling","A"
81203.77553,377.9982745,128935.2213,11.3047170217437,11.7670653967539,10,"truncatulinoides","G.truncatulinoides",10,"Re-sampling","A"
89049.10414,380.775256,128935.2213,11.3969432284763,11.7670653967539,10,"truncatulinoides","G.truncatulinoides",10,"Re-sampling","A"
102990.5466,387.3712516,128935.2213,11.5423924824172,11.7670653967539,10,"truncatulinoides","G.truncatulinoides",10,"Re-sampling","A"
41786.12624,242.3041204,128935.2213,10.6403196552852,11.7670653967539,10,"truncatulinoides","G.truncatulinoides",10,"Re-sampling","A"
67766.99154,351.9638949,128935.2213,11.1238305049359,11.7670653967539,10,"truncatulinoides","G.truncatulinoides",10,"Re-sampling","A"
128935.2213,461.0638297,128935.2213,11.7670653967539,11.7670653967539,10,"truncatulinoides","G.truncatulinoides",10,"Re-sampling","A"
89509.52963,380.5824778,128935.2213,11.4021003749076,11.7670653967539,10,"truncatulinoides","G.truncatulinoides",10,"Re-sampling","A"
42063.58789,253.4331277,128935.2213,10.6469377497079,11.7670653967539,10,"truncatulinoides","G.truncatulinoides",10,"Re-sampling","A"
81044.93879,349.9932803,128935.2213,11.3027590796866,11.7670653967539,10,"truncatulinoides","G.truncatulinoides",10,"Re-sampling","A"
157880.9083,503.9950307,219080.8859,11.9695962828639,12.2971962826178,6,"truncatulinoides","G.truncatulinoides",20,"Re-sampling","A"
40427.75281,262.2835899,219080.8859,10.6072717788492,12.2971962826178,6,"truncatulinoides","G.truncatulinoides",20,"Re-sampling","A"
39795.23581,260.3910296,219080.8859,10.5915024808412,12.2971962826178,6,"truncatulinoides","G.truncatulinoides",20,"Re-sampling","A"
219080.8859,596.559213,219080.8859,12.2971962826178,12.2971962826178,6,"truncatulinoides","G.truncatulinoides",20,"Re-sampling","A"
54639.8013,311.9510343,219080.8859,10.908517857708,12.2971962826178,6,"truncatulinoides","G.truncatulinoides",20,"Re-sampling","A"
41296.10947,243.1561675,219080.8859,10.628523572817,12.2971962826178,6,"truncatulinoides","G.truncatulinoides",20,"Re-sampling","A"
193724.5266,544.409143,203767.4319,12.174192462959,12.2247345827809,12,"truncatulinoides","G.truncatulinoides",25,"Re-sampling","A"
104952.8841,404.3579282,203767.4319,11.5612668055763,12.2247345827809,12,"truncatulinoides","G.truncatulinoides",25,"Re-sampling","A"
203767.4319,584.8176575,203767.4319,12.2247345827809,12.2247345827809,12,"truncatulinoides","G.truncatulinoides",25,"Re-sampling","A"
75264.4878,344.565577,203767.4319,11.2287636929835,12.2247345827809,12,"truncatulinoides","G.truncatulinoides",25,"Re-sampling","A"
96574.74869,391.2574945,203767.4319,11.4780725853048,12.2247345827809,12,"truncatulinoides","G.truncatulinoides",25,"Re-sampling","A"
181017.5874,531.4677486,203767.4319,12.1063494734833,12.2247345827809,12,"truncatulinoides","G.truncatulinoides",25,"Re-sampling","A"
148502.2992,507.2548441,203767.4319,11.9083557199333,12.2247345827809,12,"truncatulinoides","G.truncatulinoides",25,"Re-sampling","A"
153983.172,510.520308,203767.4319,11.9445986026978,12.2247345827809,12,"truncatulinoides","G.truncatulinoides",25,"Re-sampling","A"
202160.9691,572.9742206,203767.4319,12.2168195357783,12.2247345827809,12,"truncatulinoides","G.truncatulinoides",25,"Re-sampling","A"
57919.11364,300.8534774,203767.4319,10.9668027237657,12.2247345827809,12,"truncatulinoides","G.truncatulinoides",25,"Re-sampling","A"
73438.87058,333.5416872,203767.4319,11.2042086463635,12.2247345827809,12,"truncatulinoides","G.truncatulinoides",25,"Re-sampling","A"
74639.19379,354.5592234,203767.4319,11.2204210341499,12.2247345827809,12,"truncatulinoides","G.truncatulinoides",25,"Re-sampling","A"
74873.67824,357.5147092,326996.2852,11.2235576823738,12.6977040895702,3,"truncatulinoides","G.truncatulinoides",27,"Re-sampling","A"
326996.2852,730.6818805,326996.2852,12.6977040895702,12.6977040895702,3,"truncatulinoides","G.truncatulinoides",27,"Re-sampling","A"
237972.2267,613.5906195,326996.2852,12.3799092513065,12.6977040895702,3,"truncatulinoides","G.truncatulinoides",27,"Re-sampling","A"
114990.1566,421.4121921,114990.1566,11.6526018088993,11.6526018088993,1,"truncatulinoides","G.truncatulinoides",44,"Re-sampling","A"
143733.7209,475.5743651,199224.1899,11.8757177063338,12.2021860520009,14,"truncatulinoides","G.truncatulinoides",5,"Re-sampling","A"
101544.1411,396.3961379,199224.1899,11.5282488706125,12.2021860520009,14,"truncatulinoides","G.truncatulinoides",5,"Re-sampling","A"
92472.06716,372.0535978,199224.1899,11.4346619012477,12.2021860520009,14,"truncatulinoides","G.truncatulinoides",5,"Re-sampling","A"
88545.54475,381.6101905,199224.1899,11.3912723285629,12.2021860520009,14,"truncatulinoides","G.truncatulinoides",5,"Re-sampling","A"
60734.59437,306.6369958,199224.1899,11.014268738426,12.2021860520009,14,"truncatulinoides","G.truncatulinoides",5,"Re-sampling","A"
161631.4343,505.9573424,199224.1899,11.9930739253359,12.2021860520009,14,"truncatulinoides","G.truncatulinoides",5,"Re-sampling","A"
199224.1899,531.8403789,199224.1899,12.2021860520009,12.2021860520009,14,"truncatulinoides","G.truncatulinoides",5,"Re-sampling","A"
97348.1837,375.1143712,199224.1899,11.4860493532046,12.2021860520009,14,"truncatulinoides","G.truncatulinoides",5,"Re-sampling","A"
90385.58873,380.3855575,199224.1899,11.4118401169685,12.2021860520009,14,"truncatulinoides","G.truncatulinoides",5,"Re-sampling","A"
63898.81285,320.5156975,199224.1899,11.0650560619458,12.2021860520009,14,"truncatulinoides","G.truncatulinoides",5,"Re-sampling","A"
103190.3233,409.3035944,199224.1899,11.5443303611604,12.2021860520009,14,"truncatulinoides","G.truncatulinoides",5,"Re-sampling","A"
146585.789,494.2857579,199224.1899,11.8953661264918,12.2021860520009,14,"truncatulinoides","G.truncatulinoides",5,"Re-sampling","A"
125139.4193,444.7856782,199224.1899,11.7371837491388,12.2021860520009,14,"truncatulinoides","G.truncatulinoides",5,"Re-sampling","A"
148432.4046,486.3175867,199224.1899,11.9078849457167,12.2021860520009,14,"truncatulinoides","G.truncatulinoides",5,"Re-sampling","A"
602144.5337,1049.939823,602144.5337,13.3082527846768,13.3082527846768,6,"tumida","G.tumida",44,"Re-sampling","A"
368412.9477,792.0396769,602144.5337,12.8169597285112,13.3082527846768,6,"tumida","G.tumida",44,"Re-sampling","A"
493345.3621,903.4637754,602144.5337,13.1089647394101,13.3082527846768,6,"tumida","G.tumida",44,"Re-sampling","A"
567978.86,996.127502,602144.5337,13.2498394787008,13.3082527846768,6,"tumida","G.tumida",44,"Re-sampling","A"
356242.3711,786.734621,602144.5337,12.7833665958796,13.3082527846768,6,"tumida","G.tumida",44,"Re-sampling","A"
430583.4335,863.6024855,602144.5337,12.9728963901114,13.3082527846768,6,"tumida","G.tumida",44,"Re-sampling","A"
315009.4466,638.7482371,440689.52,12.6603579065645,12.9960958701979,6,"universa","O.universa",25,"Re-sampling","A"
257190.8626,577.7911895,440689.52,12.457573744276,12.9960958701979,6,"universa","O.universa",25,"Re-sampling","A"
271291.1418,594.5486941,440689.52,12.510947847174,12.9960958701979,6,"universa","O.universa",25,"Re-sampling","A"
440689.52,758.107923,440689.52,12.9960958701979,12.9960958701979,6,"universa","O.universa",25,"Re-sampling","A"
296906.0794,623.3965341,440689.52,12.6011711367968,12.9960958701979,6,"universa","O.universa",25,"Re-sampling","A"
185304.1688,493.1155693,440689.52,12.1297539095919,12.9960958701979,6,"universa","O.universa",25,"Re-sampling","A"
160272.7992,528.748954,166669.5996,11.984632637362,12.0237686861814,5,"calida","G.calida",25,"Buckley","B"
110296.548,406.6427041,166669.5996,11.6109279082877,12.0237686861814,5,"calida","G.calida",25,"Buckley","B"
166669.5996,557.6859632,166669.5996,12.0237686861814,12.0237686861814,5,"calida","G.calida",25,"Buckley","B"
125200.2276,484.9439267,166669.5996,11.7376695555379,12.0237686861814,5,"calida","G.calida",25,"Buckley","B"
143844.804,504.3355597,166669.5996,11.876490247368,12.0237686861814,5,"calida","G.calida",25,"Buckley","B"
130105.9944,492.3205188,130105.9944,11.7761047387658,11.7761047387658,6,"calida","G.calida",27,"Buckley","B"
89082.6012,371.9586993,130105.9944,11.3973193216634,11.7761047387658,6,"calida","G.calida",27,"Buckley","B"
122331.3192,471.7521358,130105.9944,11.7144883739279,11.7761047387658,6,"calida","G.calida",27,"Buckley","B"
127403.496,478.8663488,130105.9944,11.755114462874,11.7761047387658,6,"calida","G.calida",27,"Buckley","B"
116140.8672,444.5542891,130105.9944,11.6625591057485,11.7761047387658,6,"calida","G.calida",27,"Buckley","B"
89335.5444,395.9606617,130105.9944,11.4001547212649,11.7761047387658,6,"calida","G.calida",27,"Buckley","B"
145282.5864,471.43455,407824.3152,11.8864359965401,12.9185917606515,9,"conglobatus","G.conglobatus",20,"Buckley","B"
184415.562,529.10762,407824.3152,12.1249469791685,12.9185917606515,9,"conglobatus","G.conglobatus",20,"Buckley","B"
223402.0968,602.55567,407824.3152,12.3167285514282,12.9185917606515,9,"conglobatus","G.conglobatus",20,"Buckley","B"
227981.7,588.65854,407824.3152,12.3370206415574,12.9185917606515,9,"conglobatus","G.conglobatus",20,"Buckley","B"
285792.534,654.41027,407824.3152,12.5630214209736,12.9185917606515,9,"conglobatus","G.conglobatus",20,"Buckley","B"
287709.5772,669.45407,407824.3152,12.5697068378281,12.9185917606515,9,"conglobatus","G.conglobatus",20,"Buckley","B"
407824.3152,802.21822,407824.3152,12.9185917606515,12.9185917606515,9,"conglobatus","G.conglobatus",20,"Buckley","B"
162635.8212,480.69769,407824.3152,11.9992687544158,12.9185917606515,9,"conglobatus","G.conglobatus",20,"Buckley","B"
140336.8812,463.611,407824.3152,11.851801105387,12.9185917606515,9,"conglobatus","G.conglobatus",20,"Buckley","B"
310820.598,676.88993,596666.3832,12.6469711694109,13.2991134140649,42,"conglobatus","G.conglobatus",25,"Buckley","B"
394158.726,769.41985,596666.3832,12.8845089650226,13.2991134140649,42,"conglobatus","G.conglobatus",25,"Buckley","B"
217524.4956,578.89244,596666.3832,12.2900667466176,13.2991134140649,42,"conglobatus","G.conglobatus",25,"Buckley","B"
596666.3832,963.24914,596666.3832,13.2991134140649,13.2991134140649,42,"conglobatus","G.conglobatus",25,"Buckley","B"
497552.5872,874.81785,596666.3832,13.1174565329092,13.2991134140649,42,"conglobatus","G.conglobatus",25,"Buckley","B"
484719.048,861.22549,596666.3832,13.0913247195965,13.2991134140649,42,"conglobatus","G.conglobatus",25,"Buckley","B"
415146.3552,810.20627,596666.3832,12.9363864001743,13.2991134140649,42,"conglobatus","G.conglobatus",25,"Buckley","B"
403757.2548,802.0481,596666.3832,12.9085691219025,13.2991134140649,42,"conglobatus","G.conglobatus",25,"Buckley","B"
434642.9508,823.60211,596666.3832,12.9822801702692,13.2991134140649,42,"conglobatus","G.conglobatus",25,"Buckley","B"
367226.9316,722.86057,596666.3832,12.8137352781763,13.2991134140649,42,"conglobatus","G.conglobatus",25,"Buckley","B"
495149.6268,869.4332,596666.3832,13.1126152722382,13.2991134140649,42,"conglobatus","G.conglobatus",25,"Buckley","B"
364304.772,744.18578,596666.3832,12.805746082005,13.2991134140649,42,"conglobatus","G.conglobatus",25,"Buckley","B"
476212.1688,853.70325,596666.3832,13.0736187666773,13.2991134140649,42,"conglobatus","G.conglobatus",25,"Buckley","B"
367899.228,742.97729,596666.3832,12.8155643426944,13.2991134140649,42,"conglobatus","G.conglobatus",25,"Buckley","B"
337053.4704,681.73052,596666.3832,12.7279968626238,13.2991134140649,42,"conglobatus","G.conglobatus",25,"Buckley","B"
520490.5416,871.0242,596666.3832,13.1625269951141,13.2991134140649,42,"conglobatus","G.conglobatus",25,"Buckley","B"
436453.4916,802.08544,596666.3832,12.9864371001315,13.2991134140649,42,"conglobatus","G.conglobatus",25,"Buckley","B"
325744.2468,714.18948,596666.3832,12.6938678334343,13.2991134140649,42,"conglobatus","G.conglobatus",25,"Buckley","B"
327002.3064,688.64738,596666.3832,12.6977225030655,13.2991134140649,42,"conglobatus","G.conglobatus",25,"Buckley","B"
312238.4112,677.95115,596666.3832,12.651522313448,13.2991134140649,42,"conglobatus","G.conglobatus",25,"Buckley","B"
366561.2916,753.94734,596666.3832,12.8119210212516,13.2991134140649,42,"conglobatus","G.conglobatus",25,"Buckley","B"
330097.5324,701.34727,596666.3832,12.7071434425028,13.2991134140649,42,"conglobatus","G.conglobatus",25,"Buckley","B"
438909.7032,823.45662,596666.3832,12.9920489834292,13.2991134140649,42,"conglobatus","G.conglobatus",25,"Buckley","B"
319620.3588,669.49384,596666.3832,12.6748891917215,13.2991134140649,42,"conglobatus","G.conglobatus",25,"Buckley","B"
473742.6444,841.27387,596666.3832,13.0684195089258,13.2991134140649,42,"conglobatus","G.conglobatus",25,"Buckley","B"
319500.5436,682.38927,596666.3832,12.6745142542067,13.2991134140649,42,"conglobatus","G.conglobatus",25,"Buckley","B"
297840.618,661.30589,596666.3832,12.604313783484,13.2991134140649,42,"conglobatus","G.conglobatus",25,"Buckley","B"
307046.4192,665.32493,596666.3832,12.6347542177452,13.2991134140649,42,"conglobatus","G.conglobatus",25,"Buckley","B"
343456.9272,715.96278,596666.3832,12.7468169888956,13.2991134140649,42,"conglobatus","G.conglobatus",25,"Buckley","B"
387841.8024,774.42988,596666.3832,12.8683528096895,13.2991134140649,42,"conglobatus","G.conglobatus",25,"Buckley","B"
363053.3688,750.25229,596666.3832,12.802305123928,13.2991134140649,42,"conglobatus","G.conglobatus",25,"Buckley","B"
327075.5268,723.98772,596666.3832,12.6979463920175,13.2991134140649,42,"conglobatus","G.conglobatus",25,"Buckley","B"
382683.0924,751.5288,596666.3832,12.8549624906626,13.2991134140649,42,"conglobatus","G.conglobatus",25,"Buckley","B"
351744.1452,738.5112,596666.3832,12.770659330062,13.2991134140649,42,"conglobatus","G.conglobatus",25,"Buckley","B"
356144.0256,730.18102,596666.3832,12.7830904943114,13.2991134140649,42,"conglobatus","G.conglobatus",25,"Buckley","B"
494337.546,846.71575,596666.3832,13.1109738543307,13.2991134140649,42,"conglobatus","G.conglobatus",25,"Buckley","B"
400096.2348,780.9051,596666.3832,12.8994603841537,13.2991134140649,42,"conglobatus","G.conglobatus",25,"Buckley","B"
417243.1212,789.09628,596666.3832,12.9414243553486,13.2991134140649,42,"conglobatus","G.conglobatus",25,"Buckley","B"
363519.3168,727.93044,596666.3832,12.8035877156717,13.2991134140649,42,"conglobatus","G.conglobatus",25,"Buckley","B"
561340.8684,951.32405,596666.3832,13.2380836085416,13.2991134140649,42,"conglobatus","G.conglobatus",25,"Buckley","B"
431787.3552,805.76998,596666.3832,12.9756885127063,13.2991134140649,42,"conglobatus","G.conglobatus",25,"Buckley","B"
417915.4176,795.11732,596666.3832,12.9430343407921,13.2991134140649,42,"conglobatus","G.conglobatus",25,"Buckley","B"
151998.894,483.95464,629282.7432,11.9316285234862,13.3523359469239,7,"conglobatus","G.conglobatus",27,"Buckley","B"
129220.6932,436.16501,629282.7432,11.7692770215924,13.3523359469239,7,"conglobatus","G.conglobatus",27,"Buckley","B"
212645.3544,582.07453,629282.7432,12.267381054217,13.3523359469239,7,"conglobatus","G.conglobatus",27,"Buckley","B"
248669.7912,606.97482,629282.7432,12.4238811555863,13.3523359469239,7,"conglobatus","G.conglobatus",27,"Buckley","B"
629282.7432,977.11518,629282.7432,13.3523359469239,13.3523359469239,7,"conglobatus","G.conglobatus",27,"Buckley","B"
99806.0616,413.00151,629282.7432,11.5109841979301,13.3523359469239,7,"conglobatus","G.conglobatus",27,"Buckley","B"
223888.014,597.80888,629282.7432,12.3189012683268,13.3523359469239,7,"conglobatus","G.conglobatus",27,"Buckley","B"
180015.6816,520.01562,508009.7916,12.1007992460776,13.138256001178,9,"conglobatus","G.conglobatus",31,"Buckley","B"
426322.4508,817.99428,508009.7916,12.9629512656875,13.138256001178,9,"conglobatus","G.conglobatus",31,"Buckley","B"
152644.5648,476.63711,508009.7916,11.9358673918953,13.138256001178,9,"conglobatus","G.conglobatus",31,"Buckley","B"
446105.2716,837.89646,508009.7916,13.0083102381279,13.138256001178,9,"conglobatus","G.conglobatus",31,"Buckley","B"
232275.078,595.58337,508009.7916,12.3556776293183,13.138256001178,9,"conglobatus","G.conglobatus",31,"Buckley","B"
508009.7916,903.72579,508009.7916,13.138256001178,13.138256001178,9,"conglobatus","G.conglobatus",31,"Buckley","B"
274536.5616,641.8032,508009.7916,12.5228397245049,13.138256001178,9,"conglobatus","G.conglobatus",31,"Buckley","B"
212365.7856,568.70715,508009.7916,12.2660654706286,13.138256001178,9,"conglobatus","G.conglobatus",31,"Buckley","B"
309495.9744,660.80242,508009.7916,12.6427003642371,13.138256001178,9,"conglobatus","G.conglobatus",31,"Buckley","B"
422082.324,823.57383,422082.324,12.9529556545611,12.9529556545611,8,"conglobatus","G.conglobatus",44,"Buckley","B"
353567.9988,736.69279,422082.324,12.7758311045189,12.9529556545611,8,"conglobatus","G.conglobatus",44,"Buckley","B"
286790.994,665.88495,422082.324,12.5665089855409,12.9529556545611,8,"conglobatus","G.conglobatus",44,"Buckley","B"
234245.3724,587.58898,422082.324,12.3641244449429,12.9529556545611,8,"conglobatus","G.conglobatus",44,"Buckley","B"
244263.2544,590.97208,422082.324,12.4060018341441,12.9529556545611,8,"conglobatus","G.conglobatus",44,"Buckley","B"
165617.8884,489.58857,422082.324,12.0174385368385,12.9529556545611,8,"conglobatus","G.conglobatus",44,"Buckley","B"
210595.1832,575.07963,422082.324,12.2576930066256,12.9529556545611,8,"conglobatus","G.conglobatus",44,"Buckley","B"
223122.528,561.68206,422082.324,12.3154763524631,12.9529556545611,8,"conglobatus","G.conglobatus",44,"Buckley","B"
276373.728,627.78881,529596.4968,12.5295093157068,13.1798706687794,11,"conglobatus","G.conglobatus",46,"Buckley","B"
194400.162,535.95735,529596.4968,12.1776740043415,13.1798706687794,11,"conglobatus","G.conglobatus",46,"Buckley","B"
466553.7324,842.43223,529596.4968,13.0531284746302,13.1798706687794,11,"conglobatus","G.conglobatus",46,"Buckley","B"
529596.4968,886.12766,529596.4968,13.1798706687794,13.1798706687794,11,"conglobatus","G.conglobatus",46,"Buckley","B"
221305.3308,577.94304,529596.4968,12.3072986143166,13.1798706687794,11,"conglobatus","G.conglobatus",46,"Buckley","B"
444134.9772,844.29096,529596.4968,13.0038837979176,13.1798706687794,11,"conglobatus","G.conglobatus",46,"Buckley","B"
118530.5148,431.13799,529596.4968,11.6829257152684,13.1798706687794,11,"conglobatus","G.conglobatus",46,"Buckley","B"
178058.7,519.5482,529596.4968,12.0898685501912,13.1798706687794,11,"conglobatus","G.conglobatus",46,"Buckley","B"
242905.3488,600.60826,529596.4968,12.4004271353324,13.1798706687794,11,"conglobatus","G.conglobatus",46,"Buckley","B"
247724.5824,600.36439,529596.4968,12.4200728531854,13.1798706687794,11,"conglobatus","G.conglobatus",46,"Buckley","B"
241041.5568,595.60014,529596.4968,12.3927246324624,13.1798706687794,11,"conglobatus","G.conglobatus",46,"Buckley","B"
282411.0828,659.7186628,335642.3136,12.5511190288737,12.72380132906,4,"crassaformis","G.crassaformis",55,"Buckley","B"
335642.3136,750.1768711,335642.3136,12.72380132906,12.72380132906,4,"crassaformis","G.crassaformis",55,"Buckley","B"
164998.8432,505.3442253,335642.3136,12.013693741949,12.72380132906,4,"crassaformis","G.crassaformis",55,"Buckley","B"
181919.412,517.4685103,335642.3136,12.1113190767892,12.72380132906,4,"crassaformis","G.crassaformis",55,"Buckley","B"
146653.8048,492.62464,576430.9272,11.8958300188355,13.2646107974627,6,"dehiscens","S.dehiscens",27,"Buckley","B"
139671.2412,455.9014,576430.9272,11.8470466629217,13.2646107974627,6,"dehiscens","S.dehiscens",27,"Buckley","B"
188309.556,562.72988,576430.9272,12.1458424621627,13.2646107974627,6,"dehiscens","S.dehiscens",27,"Buckley","B"
576430.9272,949.41897,576430.9272,13.2646107974627,13.2646107974627,6,"dehiscens","S.dehiscens",27,"Buckley","B"
215434.386,583.96976,576430.9272,12.2804116688467,13.2646107974627,6,"dehiscens","S.dehiscens",27,"Buckley","B"
93682.1736,395.70842,576430.9272,11.4476632003935,13.2646107974627,6,"dehiscens","S.dehiscens",27,"Buckley","B"
327488.2236,706.92471,645943.7124,12.6992073749376,13.3784676464607,22,"dehiscens","S.dehiscens",44,"Buckley","B"
143558.5788,494.99033,645943.7124,11.874498445519,13.3784676464607,22,"dehiscens","S.dehiscens",44,"Buckley","B"
204404.7312,579.62214,645943.7124,12.2278572838148,13.3784676464607,22,"dehiscens","S.dehiscens",44,"Buckley","B"
130551.9732,475.85441,645943.7124,11.7795266885286,13.3784676464607,22,"dehiscens","S.dehiscens",44,"Buckley","B"
645943.7124,1003.56362,645943.7124,13.3784676464607,13.3784676464607,22,"dehiscens","S.dehiscens",44,"Buckley","B"
130032.774,490.67503,645943.7124,11.7755418053562,13.3784676464607,22,"dehiscens","S.dehiscens",44,"Buckley","B"
157397.2344,490.6072,645943.7124,11.9665280442901,13.3784676464607,22,"dehiscens","S.dehiscens",44,"Buckley","B"
124641.09,469.28349,645943.7124,11.7331936062525,13.3784676464607,22,"dehiscens","S.dehiscens",44,"Buckley","B"
351804.0528,789.48,645943.7124,12.7708296314012,13.3784676464607,22,"dehiscens","S.dehiscens",44,"Buckley","B"
144623.6028,510.7162,645943.7124,11.8818898036023,13.3784676464607,22,"dehiscens","S.dehiscens",44,"Buckley","B"
291024.4644,654.41027,645943.7124,12.581162612723,13.3784676464607,22,"dehiscens","S.dehiscens",44,"Buckley","B"
354187.044,734.88346,645943.7124,12.7775804254575,13.3784676464607,22,"dehiscens","S.dehiscens",44,"Buckley","B"
147692.2032,493.61678,645943.7124,11.9028856790422,13.3784676464607,22,"dehiscens","S.dehiscens",44,"Buckley","B"
140882.706,517.14683,645943.7124,11.8556829508221,13.3784676464607,22,"dehiscens","S.dehiscens",44,"Buckley","B"
73227.0564,350.09184,645943.7124,11.2013202546065,13.3784676464607,22,"dehiscens","S.dehiscens",44,"Buckley","B"
67176.3888,324.88542,645943.7124,11.115077107628,13.3784676464607,22,"dehiscens","S.dehiscens",44,"Buckley","B"
80642.286,376.4502,645943.7124,11.2977784311177,13.3784676464607,22,"dehiscens","S.dehiscens",44,"Buckley","B"
70085.2356,344.31161,645943.7124,11.1574674317238,13.3784676464607,22,"dehiscens","S.dehiscens",44,"Buckley","B"
71935.7148,350.29142,645943.7124,11.1835281491702,13.3784676464607,22,"dehiscens","S.dehiscens",44,"Buckley","B"
49283.9856,279.98647,645943.7124,10.8053544715604,13.3784676464607,22,"dehiscens","S.dehiscens",44,"Buckley","B"
70943.9112,341.35067,645943.7124,11.1696448607238,13.3784676464607,22,"dehiscens","S.dehiscens",44,"Buckley","B"
80881.9164,369.26461,645943.7124,11.3007455477757,13.3784676464607,22,"dehiscens","S.dehiscens",44,"Buckley","B"
200071.4148,557.33375,269823.8304,12.2064296557944,12.5055245450228,19,"dutertrei","N.dutertrei",20,"Buckley","B"
92716.9956,370.3446,269823.8304,11.4373070745551,12.5055245450228,19,"dutertrei","N.dutertrei",20,"Buckley","B"
118510.5456,425.5045,269823.8304,11.6827572280028,12.5055245450228,19,"dutertrei","N.dutertrei",20,"Buckley","B"
168094.0692,521.75357,269823.8304,12.0322790373942,12.5055245450228,19,"dutertrei","N.dutertrei",20,"Buckley","B"
170836.506,513.06334,269823.8304,12.0484622728615,12.5055245450228,19,"dutertrei","N.dutertrei",20,"Buckley","B"
135264.7044,460.15224,269823.8304,11.814988910947,12.5055245450228,19,"dutertrei","N.dutertrei",20,"Buckley","B"
269823.8304,657.06983,269823.8304,12.5055245450228,12.5055245450228,19,"dutertrei","N.dutertrei",20,"Buckley","B"
96065.1648,381.50864,269823.8304,11.4727820401695,12.5055245450228,19,"dutertrei","N.dutertrei",20,"Buckley","B"
129353.8212,437.93933,269823.8304,11.7703067287318,12.5055245450228,19,"dutertrei","N.dutertrei",20,"Buckley","B"
132508.9548,463.80479,269823.8304,11.794405505521,12.5055245450228,19,"dutertrei","N.dutertrei",20,"Buckley","B"
245774.2572,643.57426,269823.8304,12.4121687399541,12.5055245450228,19,"dutertrei","N.dutertrei",20,"Buckley","B"
126351.7848,431.9709,269823.8304,11.7468252385575,12.5055245450228,19,"dutertrei","N.dutertrei",20,"Buckley","B"
238698.504,594.4647,269823.8304,12.3829565450262,12.5055245450228,19,"dutertrei","N.dutertrei",20,"Buckley","B"
224766.6588,575.80837,269823.8304,12.3228180710553,12.5055245450228,19,"dutertrei","N.dutertrei",20,"Buckley","B"
229559.2668,583.08571,269823.8304,12.343916518281,12.5055245450228,19,"dutertrei","N.dutertrei",20,"Buckley","B"
84596.1876,357.61629,269823.8304,11.3456444807491,12.5055245450228,19,"dutertrei","N.dutertrei",20,"Buckley","B"
155433.5964,495.91063,269823.8304,11.9539738865995,12.5055245450228,19,"dutertrei","N.dutertrei",20,"Buckley","B"
108785.5452,400.79783,269823.8304,11.5971337479601,12.5055245450228,19,"dutertrei","N.dutertrei",20,"Buckley","B"
196876.3428,533.51131,269823.8304,12.1903311091102,12.5055245450228,19,"dutertrei","N.dutertrei",20,"Buckley","B"
136369.6668,450.26729,207140.5116,11.8231246154963,12.241152641967,7,"dutertrei","N.dutertrei",27,"Buckley","B"
207140.5116,575.38049,207140.5116,12.241152641967,12.241152641967,7,"dutertrei","N.dutertrei",27,"Buckley","B"
98607.9096,383.79614,207140.5116,11.4989067564403,12.241152641967,7,"dutertrei","N.dutertrei",27,"Buckley","B"
142154.0784,572.66702,207140.5116,11.8646668074871,12.241152641967,7,"dutertrei","N.dutertrei",27,"Buckley","B"
186718.6764,548.81882,207140.5116,12.1373583588063,12.241152641967,7,"dutertrei","N.dutertrei",27,"Buckley","B"
153696.276,486.60195,207140.5116,11.9427337002156,12.241152641967,7,"dutertrei","N.dutertrei",27,"Buckley","B"
137967.2028,451.52948,207140.5116,11.834771275024,12.241152641967,7,"dutertrei","N.dutertrei",27,"Buckley","B"
304270.7004,687.0991,304270.7004,12.6256730460045,12.6256730460045,17,"dutertrei","N.dutertrei",31,"Buckley","B"
228281.238,614.2351,304270.7004,12.3383336478005,12.6256730460045,17,"dutertrei","N.dutertrei",31,"Buckley","B"
124760.9052,440.39474,304270.7004,11.734154426226,12.6256730460045,17,"dutertrei","N.dutertrei",31,"Buckley","B"
294405.9156,671.79653,304270.7004,12.592714759385,12.6256730460045,17,"dutertrei","N.dutertrei",31,"Buckley","B"
220573.1268,606.00899,304270.7004,12.3039845597047,12.6256730460045,17,"dutertrei","N.dutertrei",31,"Buckley","B"
279455.6412,679.83367,304270.7004,12.5405988512896,12.6256730460045,17,"dutertrei","N.dutertrei",31,"Buckley","B"
232547.9904,618.59771,304270.7004,12.3568518930324,12.6256730460045,17,"dutertrei","N.dutertrei",31,"Buckley","B"
123143.4,439.88054,304270.7004,11.7211048089335,12.6256730460045,17,"dutertrei","N.dutertrei",31,"Buckley","B"
184721.7564,548.03597,304270.7004,12.1266059524284,12.6256730460045,17,"dutertrei","N.dutertrei",31,"Buckley","B"
169651.6668,512.71293,304270.7004,12.0415025950978,12.6256730460045,17,"dutertrei","N.dutertrei",31,"Buckley","B"
219707.7948,584.04385,304270.7004,12.3000537370333,12.6256730460045,17,"dutertrei","N.dutertrei",31,"Buckley","B"
209743.164,560.1631,304270.7004,12.2536390326184,12.6256730460045,17,"dutertrei","N.dutertrei",31,"Buckley","B"
98468.1252,407.71347,304270.7004,11.4974881727593,12.6256730460045,17,"dutertrei","N.dutertrei",31,"Buckley","B"
145835.0676,490.91238,304270.7004,11.8902315881553,12.6256730460045,17,"dutertrei","N.dutertrei",31,"Buckley","B"
180168.7788,525.8202,304270.7004,12.1016493505438,12.6256730460045,17,"dutertrei","N.dutertrei",31,"Buckley","B"
82785.6468,357.86748,304270.7004,11.3240099775208,12.6256730460045,17,"dutertrei","N.dutertrei",31,"Buckley","B"
126697.9176,465.11611,304270.7004,11.7495609304993,12.6256730460045,17,"dutertrei","N.dutertrei",31,"Buckley","B"
245674.4112,621.37306,313842.6036,12.4117624065655,12.656646876796,19,"dutertrei","N.dutertrei",44,"Buckley","B"
188462.6532,564.19474,313842.6036,12.1466551399807,12.656646876796,19,"dutertrei","N.dutertrei",44,"Buckley","B"
201103.1568,551.14259,313842.6036,12.2115732733004,12.656646876796,19,"dutertrei","N.dutertrei",44,"Buckley","B"
174650.6232,523.13596,313842.6036,12.070542818508,12.656646876796,19,"dutertrei","N.dutertrei",44,"Buckley","B"
231416.4024,602.55567,313842.6036,12.3519739745485,12.656646876796,19,"dutertrei","N.dutertrei",44,"Buckley","B"
180628.0704,520.99393,313842.6036,12.1041953364587,12.656646876796,19,"dutertrei","N.dutertrei",44,"Buckley","B"
237367.224,611.24224,313842.6036,12.3773636892842,12.656646876796,19,"dutertrei","N.dutertrei",44,"Buckley","B"
164978.874,519.81718,313842.6036,12.0135727083217,12.656646876796,19,"dutertrei","N.dutertrei",44,"Buckley","B"
313842.6036,684.67289,313842.6036,12.656646876796,12.656646876796,19,"dutertrei","N.dutertrei",44,"Buckley","B"
246805.9992,608.67225,313842.6036,12.4163578786596,12.656646876796,19,"dutertrei","N.dutertrei",44,"Buckley","B"
219255.1596,583.70184,313842.6036,12.2979914429108,12.656646876796,19,"dutertrei","N.dutertrei",44,"Buckley","B"
153130.482,476.63711,313842.6036,11.9390456604566,12.656646876796,19,"dutertrei","N.dutertrei",44,"Buckley","B"
210668.4036,586.69903,313842.6036,12.2580406293636,12.656646876796,19,"dutertrei","N.dutertrei",44,"Buckley","B"
43519.5432,264.64815,313842.6036,10.6809653851512,12.656646876796,19,"dutertrei","N.dutertrei",44,"Buckley","B"
85142.0124,378.97908,313842.6036,11.3520758754664,12.656646876796,19,"dutertrei","N.dutertrei",44,"Buckley","B"
75350.448,348.48151,313842.6036,11.2299051496242,12.656646876796,19,"dutertrei","N.dutertrei",44,"Buckley","B"
66910.1328,328.02547,313842.6036,11.1111056965305,12.656646876796,19,"dutertrei","N.dutertrei",44,"Buckley","B"
70244.9892,337.28012,313842.6036,11.1597442565381,12.656646876796,19,"dutertrei","N.dutertrei",44,"Buckley","B"
62703.288,319.12838,313842.6036,11.0461691654375,12.656646876796,19,"dutertrei","N.dutertrei",44,"Buckley","B"
72568.0728,346.33557,261050.6952,11.1922803354913,12.4724699019265,12,"dutertrei","N.dutertrei",46,"Buckley","B"
106941.7224,409.23712,261050.6952,11.5800393146008,12.4724699019265,12,"dutertrei","N.dutertrei",46,"Buckley","B"
231882.3504,611.1061,261050.6952,12.3539854116797,12.4724699019265,12,"dutertrei","N.dutertrei",46,"Buckley","B"
138226.8024,470.04173,261050.6952,11.8366511107305,12.4724699019265,12,"dutertrei","N.dutertrei",46,"Buckley","B"
81787.1868,371.39456,261050.6952,11.3118758697346,12.4724699019265,12,"dutertrei","N.dutertrei",46,"Buckley","B"
68973.6168,315.61531,261050.6952,11.1414793452418,12.4724699019265,12,"dutertrei","N.dutertrei",46,"Buckley","B"
82845.5544,348.93963,261050.6952,11.3247333629962,12.4724699019265,12,"dutertrei","N.dutertrei",46,"Buckley","B"
261050.6952,662.59805,261050.6952,12.4724699019265,12.4724699019265,12,"dutertrei","N.dutertrei",46,"Buckley","B"
70864.0344,336.39084,261050.6952,11.1685183115998,12.4724699019265,12,"dutertrei","N.dutertrei",46,"Buckley","B"
145948.2264,470.96132,261050.6952,11.8910072241015,12.4724699019265,12,"dutertrei","N.dutertrei",46,"Buckley","B"
104086.1268,406.92906,261050.6952,11.5529739777106,12.4724699019265,12,"dutertrei","N.dutertrei",46,"Buckley","B"
217185.0192,566.19686,261050.6952,12.2885048922875,12.4724699019265,12,"dutertrei","N.dutertrei",46,"Buckley","B"
35245.638,228.2242976,44038.7424,10.4700970559026,10.6928250345706,9,"falconensis","G.falconensis",25,"Buckley","B"
27038.2968,202.8871056,44038.7424,10.2050095400074,10.6928250345706,9,"falconensis","G.falconensis",25,"Buckley","B"
41116.5828,258.6184587,44038.7424,10.624166793563,10.6928250345706,9,"falconensis","G.falconensis",25,"Buckley","B"
39192.8832,248.1364544,44038.7424,10.5762504582758,10.6928250345706,9,"falconensis","G.falconensis",25,"Buckley","B"
34912.818,228.2242976,44038.7424,10.4606093186975,10.6928250345706,9,"falconensis","G.falconensis",25,"Buckley","B"
15030.1512,154.2184075,44038.7424,9.61781354257666,10.6928250345706,9,"falconensis","G.falconensis",25,"Buckley","B"
30732.5988,212.5331278,44038.7424,10.333079220374,10.6928250345706,9,"falconensis","G.falconensis",25,"Buckley","B"
44038.7424,263.5643952,44038.7424,10.6928250345706,10.6928250345706,9,"falconensis","G.falconensis",25,"Buckley","B"
42760.7136,262.1208897,44038.7424,10.6633750534936,10.6928250345706,9,"falconensis","G.falconensis",25,"Buckley","B"
63508.7124,319.3889948,63508.7124,11.0589323786189,11.0589323786189,24,"glutinata","G.glutinata",20,"Buckley","B"
56699.2152,316.7941647,63508.7124,10.9455156483502,11.0589323786189,24,"glutinata","G.glutinata",20,"Buckley","B"
46914.3072,271.9912307,63508.7124,10.7560779654831,11.0589323786189,24,"glutinata","G.glutinata",20,"Buckley","B"
51041.2752,290.7168912,63508.7124,10.8403899020326,11.0589323786189,24,"glutinata","G.glutinata",20,"Buckley","B"
38880.0324,249.3006354,63508.7124,10.5682360919074,11.0589323786189,24,"glutinata","G.glutinata",20,"Buckley","B"
55254.7764,288.1410717,63508.7124,10.9197100663221,11.0589323786189,24,"glutinata","G.glutinata",20,"Buckley","B"
28516.0176,213.0180246,63508.7124,10.2582212294347,11.0589323786189,24,"glutinata","G.glutinata",20,"Buckley","B"
47346.9732,270.7033572,63508.7124,10.7652581726006,11.0589323786189,24,"glutinata","G.glutinata",20,"Buckley","B"
53457.5484,287.5745357,63508.7124,10.8866431300555,11.0589323786189,24,"glutinata","G.glutinata",20,"Buckley","B"
32496.5448,225.4069679,63508.7124,10.38888904882,11.0589323786189,24,"glutinata","G.glutinata",20,"Buckley","B"
44072.0244,281.9646105,63508.7124,10.6935804927919,11.0589323786189,24,"glutinata","G.glutinata",20,"Buckley","B"
39019.8168,248.6723869,63508.7124,10.5718249191379,11.0589323786189,24,"glutinata","G.glutinata",20,"Buckley","B"
37062.8352,239.3706147,63508.7124,10.5203699998813,11.0589323786189,24,"glutinata","G.glutinata",20,"Buckley","B"
39033.1296,231.1368997,63508.7124,10.5721660414335,11.0589323786189,24,"glutinata","G.glutinata",20,"Buckley","B"
24515.5212,192.2749219,63508.7124,10.1070617143121,11.0589323786189,24,"glutinata","G.glutinata",20,"Buckley","B"
49590.18,290.7970179,63508.7124,10.8115481092407,11.0589323786189,24,"glutinata","G.glutinata",20,"Buckley","B"
41356.2132,257.0695221,63508.7124,10.6299779479307,11.0589323786189,24,"glutinata","G.glutinata",20,"Buckley","B"
47293.722,275.0817246,63508.7124,10.7641328383983,11.0589323786189,24,"glutinata","G.glutinata",20,"Buckley","B"
40151.4048,252.6029501,63508.7124,10.6004127075548,11.0589323786189,24,"glutinata","G.glutinata",20,"Buckley","B"
37768.4136,241.9429305,63508.7124,10.5392284132358,11.0589323786189,24,"glutinata","G.glutinata",20,"Buckley","B"
45642.9348,251.586382,63508.7124,10.7286041051514,11.0589323786189,24,"glutinata","G.glutinata",20,"Buckley","B"
48332.1204,257.6385468,63508.7124,10.7858516372473,11.0589323786189,24,"glutinata","G.glutinata",20,"Buckley","B"
44611.1928,274.257762,63508.7124,10.7057400661643,11.0589323786189,24,"glutinata","G.glutinata",20,"Buckley","B"
51939.8892,288.8908846,63508.7124,10.8578423519838,11.0589323786189,24,"glutinata","G.glutinata",20,"Buckley","B"
60293.6712,324.2393893,157264.1064,11.0069824219832,11.9656818773755,14,"glutinata","G.glutinata",25,"Buckley","B"
128568.366,439.6989174,157264.1064,11.7642160729674,11.9656818773755,14,"glutinata","G.glutinata",25,"Buckley","B"
97509.6036,398.574513,157264.1064,11.4877061505968,11.9656818773755,14,"glutinata","G.glutinata",25,"Buckley","B"
92038.0428,384.0042047,157264.1064,11.4299572792557,11.9656818773755,14,"glutinata","G.glutinata",25,"Buckley","B"
84023.7372,369.0121608,157264.1064,11.3388546236199,11.9656818773755,14,"glutinata","G.glutinata",25,"Buckley","B"
86832.738,381.4999161,157264.1064,11.3717389954379,11.9656818773755,14,"glutinata","G.glutinata",25,"Buckley","B"
36676.764,251.6260654,157264.1064,10.509898700014,11.9656818773755,14,"glutinata","G.glutinata",25,"Buckley","B"
60420.1428,301.2529794,157264.1064,11.0090778183937,11.9656818773755,14,"glutinata","G.glutinata",25,"Buckley","B"
55507.7196,288.6834391,157264.1064,10.924277381954,11.9656818773755,14,"glutinata","G.glutinata",25,"Buckley","B"
89848.0872,376.3352532,157264.1064,11.4058756031704,11.9656818773755,14,"glutinata","G.glutinata",25,"Buckley","B"
151246.7208,482.46,157264.1064,11.9266676949969,11.9656818773755,14,"glutinata","G.glutinata",25,"Buckley","B"
93003.2208,375.9459286,157264.1064,11.4403894037938,11.9656818773755,14,"glutinata","G.glutinata",25,"Buckley","B"
157264.1064,503.2521308,157264.1064,11.9656818773755,11.9656818773755,14,"glutinata","G.glutinata",25,"Buckley","B"
123203.3076,421.6780919,157264.1064,11.7215911771238,11.9656818773755,14,"glutinata","G.glutinata",25,"Buckley","B"
52945.0056,301.86,52945.0056,10.8770090236347,10.8770090236347,14,"glutinata","G.glutinata",27,"Buckley","B"
34679.844,236.7984662,52945.0056,10.4539139326145,10.8770090236347,14,"glutinata","G.glutinata",27,"Buckley","B"
23217.5232,188.34,52945.0056,10.0526625828959,10.8770090236347,14,"glutinata","G.glutinata",27,"Buckley","B"
26545.7232,208.98,52945.0056,10.1866239289488,10.8770090236347,14,"glutinata","G.glutinata",27,"Buckley","B"
27184.7376,199.47922,52945.0056,10.2104109771516,10.8770090236347,14,"glutinata","G.glutinata",27,"Buckley","B"
45443.2428,274.075672,52945.0056,10.7242194152853,10.8770090236347,14,"glutinata","G.glutinata",27,"Buckley","B"
29028.5604,216.7814199,52945.0056,10.2760354657098,10.8770090236347,14,"glutinata","G.glutinata",27,"Buckley","B"
48405.3408,266.3404866,52945.0056,10.7873654337244,10.8770090236347,14,"glutinata","G.glutinata",27,"Buckley","B"
50848.2396,289.8914452,52945.0056,10.8366007814084,10.8770090236347,14,"glutinata","G.glutinata",27,"Buckley","B"
47180.5632,269.0755708,52945.0056,10.761737290152,10.8770090236347,14,"glutinata","G.glutinata",27,"Buckley","B"
37548.7524,251.9433079,52945.0056,10.533395431607,10.8770090236347,14,"glutinata","G.glutinata",27,"Buckley","B"
51613.7256,290.350316,52945.0056,10.8515429160979,10.8770090236347,14,"glutinata","G.glutinata",27,"Buckley","B"
48318.8076,279.308088,52945.0056,10.7855761551519,10.8770090236347,14,"glutinata","G.glutinata",27,"Buckley","B"
34347.024,225.06711,52945.0056,10.4442706563427,10.8770090236347,14,"glutinata","G.glutinata",27,"Buckley","B"
39658.8312,254.7415231,78379.11,10.5880689311403,11.2693127167517,34,"glutinata","G.glutinata",31,"Buckley","B"
30612.7836,222.5689304,78379.11,10.329172965407,11.2693127167517,34,"glutinata","G.glutinata",31,"Buckley","B"
48065.8644,264.2328133,78379.11,10.7803275243182,11.2693127167517,34,"glutinata","G.glutinata",31,"Buckley","B"
27843.7212,202.2956925,78379.11,10.2343627693093,11.2693127167517,34,"glutinata","G.glutinata",31,"Buckley","B"
37082.8044,248.4983356,78379.11,10.5209086478879,11.2693127167517,34,"glutinata","G.glutinata",31,"Buckley","B"
39019.8168,239.5512981,78379.11,10.5718249191379,11.2693127167517,34,"glutinata","G.glutinata",31,"Buckley","B"
41462.7156,259.8125332,78379.11,10.6325498831212,11.2693127167517,34,"glutinata","G.glutinata",31,"Buckley","B"
41129.8956,266.8897458,78379.11,10.624490522928,11.2693127167517,34,"glutinata","G.glutinata",31,"Buckley","B"
33921.0144,230.0978175,78379.11,10.4317899951191,11.2693127167517,34,"glutinata","G.glutinata",31,"Buckley","B"
43905.6144,270.3465776,78379.11,10.6897974815465,11.2693127167517,34,"glutinata","G.glutinata",31,"Buckley","B"
65485.6632,323.5303541,78379.11,11.0895865152223,11.2693127167517,34,"glutinata","G.glutinata",31,"Buckley","B"
31797.6228,224.8007758,78379.11,10.367146811257,11.2693127167517,34,"glutinata","G.glutinata",31,"Buckley","B"
38607.12,250.4195368,78379.11,10.5611919944016,11.2693127167517,34,"glutinata","G.glutinata",31,"Buckley","B"
42780.6828,249.6074999,78379.11,10.6638419432383,11.2693127167517,34,"glutinata","G.glutinata",31,"Buckley","B"
35392.0788,238.157898,78379.11,10.4742433113714,11.2693127167517,34,"glutinata","G.glutinata",31,"Buckley","B"
32403.3552,221.6398701,78379.11,10.3860172519745,11.2693127167517,34,"glutinata","G.glutinata",31,"Buckley","B"
57937.3056,309.2988535,78379.11,10.9671167669628,11.2693127167517,34,"glutinata","G.glutinata",31,"Buckley","B"
43066.908,259.1327135,78379.11,10.670510185362,11.2693127167517,34,"glutinata","G.glutinata",31,"Buckley","B"
39891.8052,242.5748874,78379.11,10.5939261983252,11.2693127167517,34,"glutinata","G.glutinata",31,"Buckley","B"
32190.3504,226.1145913,78379.11,10.3794220096017,11.2693127167517,34,"glutinata","G.glutinata",31,"Buckley","B"
24448.9572,190.09891,78379.11,10.1043428436867,11.2693127167517,34,"glutinata","G.glutinata",31,"Buckley","B"
42348.0168,262.2224476,78379.11,10.6536768701761,11.2693127167517,34,"glutinata","G.glutinata",31,"Buckley","B"
47753.0136,264.2454087,78379.11,10.7737974559593,11.2693127167517,34,"glutinata","G.glutinata",31,"Buckley","B"
37641.942,236.7422396,78379.11,10.5358741864173,11.2693127167517,34,"glutinata","G.glutinata",31,"Buckley","B"
32875.9596,229.3299291,78379.11,10.4004969584077,11.2693127167517,34,"glutinata","G.glutinata",31,"Buckley","B"
36284.0364,239.3706147,78379.11,10.4991331549313,11.2693127167517,34,"glutinata","G.glutinata",31,"Buckley","B"
46142.1648,272.0279375,78379.11,10.7394824487025,11.2693127167517,34,"glutinata","G.glutinata",31,"Buckley","B"
39159.6012,249.7408016,78379.11,10.5754009127315,11.2693127167517,34,"glutinata","G.glutinata",31,"Buckley","B"
41682.3768,246.9263534,78379.11,10.6378336997534,11.2693127167517,34,"glutinata","G.glutinata",31,"Buckley","B"
33315.282,228.8068749,78379.11,10.4137714896164,11.2693127167517,34,"glutinata","G.glutinata",31,"Buckley","B"
47340.3168,257.0695221,78379.11,10.7651175750608,11.2693127167517,34,"glutinata","G.glutinata",31,"Buckley","B"
78379.11,355.6378163,78379.11,11.2693127167517,11.2693127167517,34,"glutinata","G.glutinata",31,"Buckley","B"
52805.2212,287.5745357,78379.11,10.8743653511691,11.2693127167517,34,"glutinata","G.glutinata",31,"Buckley","B"
40457.5992,258.6827965,78379.11,10.6080097713438,11.2693127167517,34,"glutinata","G.glutinata",31,"Buckley","B"
46814.4612,276.9266769,67815.4032,10.7539474341751,11.1245446339664,16,"glutinata","G.glutinata",44,"Buckley","B"
39186.2268,264.7487337,67815.4032,10.5760806068953,11.1245446339664,16,"glutinata","G.glutinata",44,"Buckley","B"
60859.4652,306.2819701,67815.4032,11.0163226360315,11.1245446339664,16,"glutinata","G.glutinata",44,"Buckley","B"
54835.4232,281.5393599,67815.4032,10.9120916728631,11.1245446339664,16,"glutinata","G.glutinata",44,"Buckley","B"
37688.5368,228.0492342,67815.4032,10.5371112635389,11.1245446339664,16,"glutinata","G.glutinata",44,"Buckley","B"
32949.18,216.5510055,67815.4032,10.4027216534298,11.1245446339664,16,"glutinata","G.glutinata",44,"Buckley","B"
47846.2032,280.5090095,67815.4032,10.7757470457705,11.1245446339664,16,"glutinata","G.glutinata",44,"Buckley","B"
43772.4864,254.1005313,67815.4032,10.6867607346031,11.1245446339664,16,"glutinata","G.glutinata",44,"Buckley","B"
67815.4032,323.1186067,67815.4032,11.1245446339664,11.1245446339664,16,"glutinata","G.glutinata",44,"Buckley","B"
39412.5444,237.5842419,67815.4032,10.5818394303988,11.1245446339664,16,"glutinata","G.glutinata",44,"Buckley","B"
46002.3804,264.4216814,67815.4032,10.7364484219584,11.1245446339664,16,"glutinata","G.glutinata",44,"Buckley","B"
40204.656,251.0566701,67815.4032,10.6017380887959,11.1245446339664,16,"glutinata","G.glutinata",44,"Buckley","B"
54688.9824,291.3572879,67815.4032,10.9094175494754,11.1245446339664,16,"glutinata","G.glutinata",44,"Buckley","B"
63841.5324,331.3065589,67815.4032,11.064159235595,11.1245446339664,16,"glutinata","G.glutinata",44,"Buckley","B"
60939.342,302.7407663,67815.4032,11.0176342549757,11.1245446339664,16,"glutinata","G.glutinata",44,"Buckley","B"
52758.6264,286.4264827,67815.4032,10.8734825716174,11.1245446339664,16,"glutinata","G.glutinata",44,"Buckley","B"
28835.5248,218.3875134,32935.8672,10.2693634059879,10.4023175313794,10,"humilis","T.humilis",55,"Buckley","B"
24389.0496,197.8710307,32935.8672,10.1018895236611,10.4023175313794,10,"humilis","T.humilis",55,"Buckley","B"
19509.9084,166.7247024,32935.8672,9.87867773857795,10.4023175313794,10,"humilis","T.humilis",55,"Buckley","B"
21946.1508,181.0601281,32935.8672,9.99634704093878,10.4023175313794,10,"humilis","T.humilis",55,"Buckley","B"
26638.9128,200.0124096,32935.8672,10.1901283130107,10.4023175313794,10,"humilis","T.humilis",55,"Buckley","B"
28489.392,210.2502138,32935.8672,10.2572870864429,10.4023175313794,10,"humilis","T.humilis",55,"Buckley","B"
28316.3256,216.3664974,32935.8672,10.2511937936272,10.4023175313794,10,"humilis","T.humilis",55,"Buckley","B"
26452.5336,196.7070238,32935.8672,10.1831072209788,10.4023175313794,10,"humilis","T.humilis",55,"Buckley","B"
32935.8672,225.06711,32935.8672,10.4023175313794,10.4023175313794,10,"humilis","T.humilis",55,"Buckley","B"
23390.5896,189.7308915,32935.8672,10.0600890666141,10.4023175313794,10,"humilis","T.humilis",55,"Buckley","B"
48225.618,264.24541,193108.8204,10.7836456526218,12.1710091452605,33,"inflata","G.inflata",10,"Buckley","B"
56020.2624,288.51045,193108.8204,10.9334687328445,12.1710091452605,33,"inflata","G.inflata",10,"Buckley","B"
63282.3948,315.53094,193108.8204,11.0553624462261,12.1710091452605,33,"inflata","G.inflata",10,"Buckley","B"
59241.96,289.10969,193108.8204,10.9893853535873,12.1710091452605,33,"inflata","G.inflata",10,"Buckley","B"
86486.6052,349.97774,193108.8204,11.3677448277498,12.1710091452605,33,"inflata","G.inflata",10,"Buckley","B"
98434.8432,375.45871,193108.8204,11.4971501179236,12.1710091452605,33,"inflata","G.inflata",10,"Buckley","B"
35684.9604,230.02548,193108.8204,10.4824846016946,12.1710091452605,33,"inflata","G.inflata",10,"Buckley","B"
83750.8248,364.17319,193108.8204,11.335601297997,12.1710091452605,33,"inflata","G.inflata",10,"Buckley","B"
85315.0788,359.96317,193108.8204,11.3541064915969,12.1710091452605,33,"inflata","G.inflata",10,"Buckley","B"
45949.1292,259.86377,193108.8204,10.7352901765705,12.1710091452605,33,"inflata","G.inflata",10,"Buckley","B"
85987.3752,351.34447,193108.8204,11.3619557644595,12.1710091452605,33,"inflata","G.inflata",10,"Buckley","B"
41515.9668,251.74508,193108.8204,10.6338333743932,12.1710091452605,33,"inflata","G.inflata",10,"Buckley","B"
79976.646,343.0527,193108.8204,11.2894899460376,12.1710091452605,33,"inflata","G.inflata",10,"Buckley","B"
107494.2036,389.58854,193108.8204,11.5851922050961,12.1710091452605,33,"inflata","G.inflata",10,"Buckley","B"
88370.3664,372.60238,193108.8204,11.3892919707069,12.1710091452605,33,"inflata","G.inflata",10,"Buckley","B"
48538.4688,269.13741,193108.8204,10.7901119336656,12.1710091452605,33,"inflata","G.inflata",10,"Buckley","B"
114157.26,409.63543,193108.8204,11.6453322504611,12.1710091452605,33,"inflata","G.inflata",10,"Buckley","B"
96870.5892,381.01106,193108.8204,11.4811312347804,12.1710091452605,33,"inflata","G.inflata",10,"Buckley","B"
83185.0308,362.12026,193108.8204,11.3288226923528,12.1710091452605,33,"inflata","G.inflata",10,"Buckley","B"
72055.53,326.31646,193108.8204,11.1851923507377,12.1710091452605,33,"inflata","G.inflata",10,"Buckley","B"
135670.7448,447.5984,193108.8204,11.8179862352557,12.1710091452605,33,"inflata","G.inflata",10,"Buckley","B"
79790.2668,361.23686,193108.8204,11.2871568060742,12.1710091452605,33,"inflata","G.inflata",10,"Buckley","B"
67169.7324,322.5,193108.8204,11.1149780143316,12.1710091452605,33,"inflata","G.inflata",10,"Buckley","B"
124028.7012,423.0964,193108.8204,11.7282682790945,12.1710091452605,33,"inflata","G.inflata",10,"Buckley","B"
123103.4616,409.23712,193108.8204,11.7207804320046,12.1710091452605,33,"inflata","G.inflata",10,"Buckley","B"
90487.1016,368.51577,193108.8204,11.4129625957736,12.1710091452605,33,"inflata","G.inflata",10,"Buckley","B"
94401.0648,379.2249,193108.8204,11.455307631731,12.1710091452605,33,"inflata","G.inflata",10,"Buckley","B"
105969.888,394.60507,193108.8204,11.5709102572654,12.1710091452605,33,"inflata","G.inflata",10,"Buckley","B"
116813.1636,429.59131,193108.8204,11.6683310450807,12.1710091452605,33,"inflata","G.inflata",10,"Buckley","B"
98980.668,384.66234,193108.8204,11.5026798373213,12.1710091452605,33,"inflata","G.inflata",10,"Buckley","B"
160412.5836,488.02253,193108.8204,11.985504422709,12.1710091452605,33,"inflata","G.inflata",10,"Buckley","B"
183570.1992,531.88063,193108.8204,12.1203524302687,12.1710091452605,33,"inflata","G.inflata",10,"Buckley","B"
193108.8204,526.65504,193108.8204,12.1710091452605,12.1710091452605,33,"inflata","G.inflata",10,"Buckley","B"
115781.4216,433.26336,227069.7732,11.6594593960168,12.3330126201599,15,"inflata","G.inflata",20,"Buckley","B"
90919.7676,389.60563,227069.7732,11.4177327218699,12.3330126201599,15,"inflata","G.inflata",20,"Buckley","B"
122717.3904,435.19484,227069.7732,11.7176393517075,12.3330126201599,15,"inflata","G.inflata",20,"Buckley","B"
147326.1012,473.20323,227069.7732,11.9004037843091,12.3330126201599,15,"inflata","G.inflata",20,"Buckley","B"
97449.696,399.53364,227069.7732,11.4870915853824,12.3330126201599,15,"inflata","G.inflata",20,"Buckley","B"
150348.1068,488.22027,227069.7732,11.9207085963853,12.3330126201599,15,"inflata","G.inflata",20,"Buckley","B"
77460.5268,346.1914,227069.7732,11.2575237539751,12.3330126201599,15,"inflata","G.inflata",20,"Buckley","B"
227069.7732,586.42668,227069.7732,12.3330126201599,12.3330126201599,15,"inflata","G.inflata",20,"Buckley","B"
106202.862,417.52181,227069.7732,11.5731063365794,12.3330126201599,15,"inflata","G.inflata",20,"Buckley","B"
88556.7456,383.54457,227069.7732,11.3913988187398,12.3330126201599,15,"inflata","G.inflata",20,"Buckley","B"
91026.27,368.21761,227069.7732,11.4189034251572,12.3330126201599,15,"inflata","G.inflata",20,"Buckley","B"
103759.9632,390.9445,227069.7732,11.5498354643257,12.3330126201599,15,"inflata","G.inflata",20,"Buckley","B"
133940.0808,446.90635,227069.7732,11.805147820719,12.3330126201599,15,"inflata","G.inflata",20,"Buckley","B"
126731.1996,435.68401,227069.7732,11.7498235838247,12.3330126201599,15,"inflata","G.inflata",20,"Buckley","B"
146021.4468,467.43591,227069.7732,11.8915087857927,12.3330126201599,15,"inflata","G.inflata",20,"Buckley","B"
165997.3032,490.34256,205516.35,12.0197268214236,12.2332808717973,9,"inflata","G.inflata",25,"Buckley","B"
121459.3308,431.67032,205516.35,11.7073347598036,12.2332808717973,9,"inflata","G.inflata",25,"Buckley","B"
124448.0544,442.45308,205516.35,11.7316436740857,12.2332808717973,9,"inflata","G.inflata",25,"Buckley","B"
60373.548,304.24316,205516.35,11.0083063409762,12.2332808717973,9,"inflata","G.inflata",25,"Buckley","B"
205516.35,555.67714,205516.35,12.2332808717973,12.2332808717973,9,"inflata","G.inflata",25,"Buckley","B"
121119.8544,426.25473,205516.35,11.7045358665569,12.2332808717973,9,"inflata","G.inflata",25,"Buckley","B"
122477.76,428.28,205516.35,11.7156847414641,12.2332808717973,9,"inflata","G.inflata",25,"Buckley","B"
69100.0884,340.60886,205516.35,11.1433112890603,12.2332808717973,9,"inflata","G.inflata",25,"Buckley","B"
196090.8876,543.79276,205516.35,12.1863335429763,12.2332808717973,9,"inflata","G.inflata",25,"Buckley","B"
605599.272,990.73344,1047244.756,13.313973778991,13.8616732313964,64,"menardii","G.menardii",20,"Buckley","B"
609393.42,1014.43881,1047244.756,13.3202193479697,13.8616732313964,64,"menardii","G.menardii",20,"Buckley","B"
593784.162,992.14335,1047244.756,13.2942711686759,13.8616732313964,64,"menardii","G.menardii",20,"Buckley","B"
732596.7276,1093.00993,1047244.756,13.5043506624864,13.8616732313964,64,"menardii","G.menardii",20,"Buckley","B"
703108.8756,1058.31902,1047244.756,13.463267031632,13.8616732313964,64,"menardii","G.menardii",20,"Buckley","B"
654011.2692,1012.27115,1047244.756,13.3908798614835,13.8616732313964,64,"menardii","G.menardii",20,"Buckley","B"
621581.2884,981.01086,1047244.756,13.3400219752659,13.8616732313964,64,"menardii","G.menardii",20,"Buckley","B"
530262.1368,921.22982,1047244.756,13.181126760991,13.8616732313964,64,"menardii","G.menardii",20,"Buckley","B"
413841.7008,839.73749,1047244.756,12.9332388144698,13.8616732313964,64,"menardii","G.menardii",20,"Buckley","B"
636797.8188,959.79468,1047244.756,13.3642074882552,13.8616732313964,64,"menardii","G.menardii",20,"Buckley","B"
249734.8152,635.38229,1047244.756,12.4281548946624,13.8616732313964,64,"menardii","G.menardii",20,"Buckley","B"
444600.9252,834.36179,1047244.756,13.0049323614817,13.8616732313964,64,"menardii","G.menardii",20,"Buckley","B"
327201.9984,682.64772,1047244.756,12.6983329912715,13.8616732313964,64,"menardii","G.menardii",20,"Buckley","B"
304803.2124,678.6528,1047244.756,12.6274216421092,13.8616732313964,64,"menardii","G.menardii",20,"Buckley","B"
264272.3928,681.12977,1047244.756,12.4847356411072,13.8616732313964,64,"menardii","G.menardii",20,"Buckley","B"
336055.0104,736.89154,1047244.756,12.725030146973,13.8616732313964,64,"menardii","G.menardii",20,"Buckley","B"
574939.8936,949.72039,1047244.756,13.262020781446,13.8616732313964,64,"menardii","G.menardii",20,"Buckley","B"
394964.1504,769.90416,1047244.756,12.8865502812834,13.8616732313964,64,"menardii","G.menardii",20,"Buckley","B"
304916.3712,767.17592,1047244.756,12.6277928252049,13.8616732313964,64,"menardii","G.menardii",20,"Buckley","B"
498318.0732,915.20568,1047244.756,13.1189938533288,13.8616732313964,64,"menardii","G.menardii",20,"Buckley","B"
323128.2816,702.37153,1047244.756,12.6858046800153,13.8616732313964,64,"menardii","G.menardii",20,"Buckley","B"
289653.246,691.44481,1047244.756,12.5764397830907,13.8616732313964,64,"menardii","G.menardii",20,"Buckley","B"
965743.794,1266.54878,1047244.756,13.7806538544142,13.8616732313964,64,"menardii","G.menardii",20,"Buckley","B"
889607.8908,1219.57885,1047244.756,13.6985360724931,13.8616732313964,64,"menardii","G.menardii",20,"Buckley","B"
738414.4212,1088.02916,1047244.756,13.5122604923159,13.8616732313964,64,"menardii","G.menardii",20,"Buckley","B"
740744.1612,1087.31008,1047244.756,13.5154105831233,13.8616732313964,64,"menardii","G.menardii",20,"Buckley","B"
547828.3764,962.43683,1047244.756,13.2137173351267,13.8616732313964,64,"menardii","G.menardii",20,"Buckley","B"
686001.9276,1029.43293,1047244.756,13.4386357166166,13.8616732313964,64,"menardii","G.menardii",20,"Buckley","B"
821053.6272,1167.32669,1047244.756,13.618343705668,13.8616732313964,64,"menardii","G.menardii",20,"Buckley","B"
909863.316,1192.46528,1047244.756,13.7210496650138,13.8616732313964,64,"menardii","G.menardii",20,"Buckley","B"
874664.2728,1215.59623,1047244.756,13.681595403484,13.8616732313964,64,"menardii","G.menardii",20,"Buckley","B"
854422.1604,1222.18225,1047244.756,13.6581806836495,13.8616732313964,64,"menardii","G.menardii",20,"Buckley","B"
792284.6664,1072.29034,1047244.756,13.5826760334908,13.8616732313964,64,"menardii","G.menardii",20,"Buckley","B"
850195.3464,1140.86188,1047244.756,13.6532214213562,13.8616732313964,64,"menardii","G.menardii",20,"Buckley","B"
797556.5352,1136.25496,1047244.756,13.5893080016614,13.8616732313964,64,"menardii","G.menardii",20,"Buckley","B"
846893.772,1149.35453,1047244.756,13.6493305490038,13.8616732313964,64,"menardii","G.menardii",20,"Buckley","B"
699381.2916,1091.93757,1047244.756,13.45795135404,13.8616732313964,64,"menardii","G.menardii",20,"Buckley","B"
149855.5332,453.66936,1047244.756,11.917426996988,13.8616732313964,64,"menardii","G.menardii",20,"Buckley","B"
562698.774,975.39697,1047244.756,13.2404997266381,13.8616732313964,64,"menardii","G.menardii",20,"Buckley","B"
231695.9712,577.02091,1047244.756,12.3531813222676,13.8616732313964,64,"menardii","G.menardii",20,"Buckley","B"
431008.5564,807.67187,1047244.756,12.973883221325,13.8616732313964,64,"menardii","G.menardii",20,"Buckley","B"
605592.6156,962.87937,1047244.756,13.313962787504,13.8616732313964,64,"menardii","G.menardii",20,"Buckley","B"
548886.744,929.10453,1047244.756,13.2156474041279,13.8616732313964,64,"menardii","G.menardii",20,"Buckley","B"
701651.124,1029.65599,1047244.756,13.4611915851163,13.8616732313964,64,"menardii","G.menardii",20,"Buckley","B"
578933.7336,978.59573,1047244.756,13.2689433002643,13.8616732313964,64,"menardii","G.menardii",20,"Buckley","B"
508895.0928,936.17034,1047244.756,13.1399971697715,13.8616732313964,64,"menardii","G.menardii",20,"Buckley","B"
674213.4432,1000.20181,1047244.756,13.4213020210671,13.8616732313964,64,"menardii","G.menardii",20,"Buckley","B"
1047244.756,1275.31621,1047244.756,13.8616732313964,13.8616732313964,64,"menardii","G.menardii",20,"Buckley","B"
598130.7912,959.38888,1047244.756,13.3015647233995,13.8616732313964,64,"menardii","G.menardii",20,"Buckley","B"
720868.1508,1012.94165,1047244.756,13.4882115296414,13.8616732313964,64,"menardii","G.menardii",20,"Buckley","B"
659782.368,986.09004,1047244.756,13.3996653141701,13.8616732313964,64,"menardii","G.menardii",20,"Buckley","B"
643207.932,979.71063,1047244.756,13.3742233288604,13.8616732313964,64,"menardii","G.menardii",20,"Buckley","B"
680417.208,995.93347,1047244.756,13.4304614301893,13.8616732313964,64,"menardii","G.menardii",20,"Buckley","B"
474588.0072,869.36813,1047244.756,13.0702023533851,13.8616732313964,64,"menardii","G.menardii",20,"Buckley","B"
542523.2256,932.29434,1047244.756,13.2039861756462,13.8616732313964,64,"menardii","G.menardii",20,"Buckley","B"
498264.822,879.35999,1047244.756,13.118886985751,13.8616732313964,64,"menardii","G.menardii",20,"Buckley","B"
541544.7348,962.37804,1047244.756,13.2021809547533,13.8616732313964,64,"menardii","G.menardii",20,"Buckley","B"
518413.7448,919.38183,1047244.756,13.1585289375576,13.8616732313964,64,"menardii","G.menardii",20,"Buckley","B"
408376.7964,824.05055,1047244.756,12.9199455477918,13.8616732313964,64,"menardii","G.menardii",20,"Buckley","B"
541092.0996,920.54313,1047244.756,13.2013447828959,13.8616732313964,64,"menardii","G.menardii",20,"Buckley","B"
649890.9576,1010.70821,1047244.756,13.3845598702605,13.8616732313964,64,"menardii","G.menardii",20,"Buckley","B"
730213.7364,1081.38631,1047244.756,13.5010925598591,13.8616732313964,64,"menardii","G.menardii",20,"Buckley","B"
557966.0736,927.67056,1047244.756,13.2320534395151,13.8616732313964,64,"menardii","G.menardii",20,"Buckley","B"
512915.5584,861.523,1047244.756,13.1478665070955,13.8616732313964,64,"menardii","G.menardii",20,"Buckley","B"
199199.4264,569.95231,947052.6228,12.2020617446104,13.761109938523,13,"menardii","G.menardii",27,"Buckley","B"
565720.7796,965.37863,947052.6228,13.2458559132004,13.761109938523,13,"menardii","G.menardii",27,"Buckley","B"
583519.9932,947.28522,947052.6228,13.2768339943891,13.761109938523,13,"menardii","G.menardii",27,"Buckley","B"
384753.2328,791.1182,947052.6228,12.860357454005,13.761109938523,13,"menardii","G.menardii",27,"Buckley","B"
947052.6228,1208.5696,947052.6228,13.761109938523,13.761109938523,13,"menardii","G.menardii",27,"Buckley","B"
140197.0968,481.05067,947052.6228,11.8508045458076,13.761109938523,13,"menardii","G.menardii",27,"Buckley","B"
392095.242,802.64542,947052.6228,12.8792600535473,13.761109938523,13,"menardii","G.menardii",27,"Buckley","B"
433544.6448,784.42608,947052.6228,12.9797500567512,13.761109938523,13,"menardii","G.menardii",27,"Buckley","B"
237933.018,613.259,947052.6228,12.379744476068,13.761109938523,13,"menardii","G.menardii",27,"Buckley","B"
499236.6564,897.76957,947052.6228,13.1208355236299,13.761109938523,13,"menardii","G.menardii",27,"Buckley","B"
306167.7744,718.49179,947052.6228,12.6318885130356,13.761109938523,13,"menardii","G.menardii",27,"Buckley","B"
403644.096,838.75399,947052.6228,12.9082888181833,13.761109938523,13,"menardii","G.menardii",27,"Buckley","B"
234990.8892,668.27977,947052.6228,12.367302023013,13.761109938523,13,"menardii","G.menardii",27,"Buckley","B"
960911.2476,1227.5216,960911.2476,13.7756373294732,13.7756373294732,18,"menardii","G.menardii",44,"Buckley","B"
883763.5716,1205.65252,960911.2476,13.6919448529067,13.7756373294732,18,"menardii","G.menardii",44,"Buckley","B"
757584.8532,1101.42131,960911.2476,13.5378908275179,13.7756373294732,18,"menardii","G.menardii",44,"Buckley","B"
703128.8448,1133.75076,960911.2476,13.46329543252,13.7756373294732,18,"menardii","G.menardii",44,"Buckley","B"
749384.1684,1171.22907,960911.2476,13.527007039418,13.7756373294732,18,"menardii","G.menardii",44,"Buckley","B"
619491.1788,1015.27508,960911.2476,13.3366537407248,13.7756373294732,18,"menardii","G.menardii",44,"Buckley","B"
572956.2864,983.43698,960911.2476,13.2585647037815,13.7756373294732,18,"menardii","G.menardii",44,"Buckley","B"
525922.164,932.23722,960911.2476,13.1729085035838,13.7756373294732,18,"menardii","G.menardii",44,"Buckley","B"
381478.284,794.03665,960911.2476,12.8518092054128,13.7756373294732,18,"menardii","G.menardii",44,"Buckley","B"
578414.5344,961.56846,960911.2476,13.2680460781417,13.7756373294732,18,"menardii","G.menardii",44,"Buckley","B"
616588.9884,977.03343,960911.2476,13.3319579356954,13.7756373294732,18,"menardii","G.menardii",44,"Buckley","B"
521236.0584,884.71432,960911.2476,13.1639583052626,13.7756373294732,18,"menardii","G.menardii",44,"Buckley","B"
608321.7396,1024.26325,960911.2476,13.3184591979572,13.7756373294732,18,"menardii","G.menardii",44,"Buckley","B"
342331.9956,706.34068,960911.2476,12.7435362925426,13.7756373294732,18,"menardii","G.menardii",44,"Buckley","B"
716761.152,1091.24241,960911.2476,13.4824979427456,13.7756373294732,18,"menardii","G.menardii",44,"Buckley","B"
400681.998,813.97262,960911.2476,12.9009233692362,13.7756373294732,18,"menardii","G.menardii",44,"Buckley","B"
544380.3612,934.0669,960911.2476,13.2074034748986,13.7756373294732,18,"menardii","G.menardii",44,"Buckley","B"
432958.8816,846.38551,960911.2476,12.9783980408127,13.7756373294732,18,"menardii","G.menardii",44,"Buckley","B"
568702.8468,966.42957,1154692.364,13.2511133390851,13.959344514945,19,"menardii","G.menardii",46,"Buckley","B"
485677.5696,881.57509,1154692.364,13.0933002456739,13.959344514945,19,"menardii","G.menardii",46,"Buckley","B"
513328.2552,967.90927,1154692.364,13.1486707932052,13.959344514945,19,"menardii","G.menardii",46,"Buckley","B"
736404.1884,1107.28599,1154692.364,13.5095344159946,13.959344514945,19,"menardii","G.menardii",46,"Buckley","B"
554225.1768,992.81739,1154692.364,13.2253263394661,13.959344514945,19,"menardii","G.menardii",46,"Buckley","B"
448608.078,875.80265,1154692.364,13.0139049080394,13.959344514945,19,"menardii","G.menardii",46,"Buckley","B"
526075.2612,926.44994,1154692.364,13.1731995636139,13.959344514945,19,"menardii","G.menardii",46,"Buckley","B"
1154692.364,1374.74302,1154692.364,13.959344514945,13.959344514945,19,"menardii","G.menardii",46,"Buckley","B"
551469.4272,955.63493,1154692.364,13.2203416804183,13.959344514945,19,"menardii","G.menardii",46,"Buckley","B"
207353.5164,606.49758,1154692.364,12.2421804242961,13.959344514945,19,"menardii","G.menardii",46,"Buckley","B"
692804.7684,1003.70953,1154692.364,13.4485035190011,13.959344514945,19,"menardii","G.menardii",46,"Buckley","B"
434616.3252,833.25613,1154692.364,12.9822189098357,13.959344514945,19,"menardii","G.menardii",46,"Buckley","B"
465262.3908,846.2754,1154692.364,13.050356806713,13.959344514945,19,"menardii","G.menardii",46,"Buckley","B"
580571.208,975.33896,1154692.364,13.2717677392638,13.959344514945,19,"menardii","G.menardii",46,"Buckley","B"
639733.2912,1009.68029,1154692.364,13.3688066359787,13.959344514945,19,"menardii","G.menardii",46,"Buckley","B"
775211.0004,1110.0598,1154692.364,13.5608905298605,13.959344514945,19,"menardii","G.menardii",46,"Buckley","B"
862962.3216,1195.10824,1154692.364,13.668126309321,13.959344514945,19,"menardii","G.menardii",46,"Buckley","B"
976174.3728,1235.99235,1154692.364,13.7913965100931,13.959344514945,19,"menardii","G.menardii",46,"Buckley","B"
10044.5076,154.56332,1154692.364,9.2147812566349,13.959344514945,19,"menardii","G.menardii",46,"Buckley","B"
600726.7872,NA,1134144.058,13.3058955131518,13.9413887904749,46,"menardii","G.menardii",55,"Buckley","B"
816933.3156,NA,1134144.058,13.6133127494583,13.9413887904749,46,"menardii","G.menardii",55,"Buckley","B"
739159.938,NA,1134144.058,13.5132696014124,13.9413887904749,46,"menardii","G.menardii",55,"Buckley","B"
965224.5948,NA,1134144.058,13.7801160939666,13.9413887904749,46,"menardii","G.menardii",55,"Buckley","B"
924593.9292,NA,1134144.058,13.7371099246484,13.9413887904749,46,"menardii","G.menardii",55,"Buckley","B"
1040654.92,NA,1134144.058,13.8553608036896,13.9413887904749,46,"menardii","G.menardii",55,"Buckley","B"
1105162.092,NA,1134144.058,13.9155025717689,13.9413887904749,46,"menardii","G.menardii",55,"Buckley","B"
1033006.716,NA,1134144.058,13.8479842495327,13.9413887904749,46,"menardii","G.menardii",55,"Buckley","B"
1104935.774,NA,1134144.058,13.9152977681679,13.9413887904749,46,"menardii","G.menardii",55,"Buckley","B"
580797.5256,NA,1134144.058,13.2721574821531,13.9413887904749,46,"menardii","G.menardii",55,"Buckley","B"
780809.0328,NA,1134144.058,13.5680858826616,13.9413887904749,46,"menardii","G.menardii",55,"Buckley","B"
797543.2224,NA,1134144.058,13.5892913095393,13.9413887904749,46,"menardii","G.menardii",55,"Buckley","B"
696412.5372,NA,1134144.058,13.453697489586,13.9413887904749,46,"menardii","G.menardii",55,"Buckley","B"
829926.6084,NA,1134144.058,13.6290925522487,13.9413887904749,46,"menardii","G.menardii",55,"Buckley","B"
430356.2292,NA,1134144.058,12.9723685847027,13.9413887904749,46,"menardii","G.menardii",55,"Buckley","B"
551316.33,NA,1134144.058,13.2200640250351,13.9413887904749,46,"menardii","G.menardii",55,"Buckley","B"
812892.8808,NA,1134144.058,13.6083546219155,13.9413887904749,46,"menardii","G.menardii",55,"Buckley","B"
844970.0724,NA,1134144.058,13.647056488434,13.9413887904749,46,"menardii","G.menardii",55,"Buckley","B"
698722.308,NA,1134144.058,13.4570086718969,13.9413887904749,46,"menardii","G.menardii",55,"Buckley","B"
562319.3592,NA,1134144.058,13.2398252222845,13.9413887904749,46,"menardii","G.menardii",55,"Buckley","B"
1134144.058,NA,1134144.058,13.9413887904749,13.9413887904749,46,"menardii","G.menardii",55,"Buckley","B"
760240.7568,NA,1134144.058,13.5413904473598,13.9413887904749,46,"menardii","G.menardii",55,"Buckley","B"
673780.7772,NA,1134144.058,13.4206600806073,13.9413887904749,46,"menardii","G.menardii",55,"Buckley","B"
470201.4396,NA,1134144.058,13.0609164767593,13.9413887904749,46,"menardii","G.menardii",55,"Buckley","B"
719450.3376,NA,1134144.058,13.4862427794388,13.9413887904749,46,"menardii","G.menardii",55,"Buckley","B"
723164.6088,NA,1134144.058,13.4913921499158,13.9413887904749,46,"menardii","G.menardii",55,"Buckley","B"
814250.7864,NA,1134144.058,13.6100236889348,13.9413887904749,46,"menardii","G.menardii",55,"Buckley","B"
912519.2196,NA,1134144.058,13.7239644267923,13.9413887904749,46,"menardii","G.menardii",55,"Buckley","B"
855460.5588,NA,1134144.058,13.659395268154,13.9413887904749,46,"menardii","G.menardii",55,"Buckley","B"
645271.416,NA,1134144.058,13.3774263072664,13.9413887904749,46,"menardii","G.menardii",55,"Buckley","B"
1092088.922,NA,1134144.058,13.9036028623746,13.9413887904749,46,"menardii","G.menardii",55,"Buckley","B"
834606.0576,NA,1134144.058,13.634715105201,13.9413887904749,46,"menardii","G.menardii",55,"Buckley","B"
611137.3968,NA,1134144.058,13.3230770848869,13.9413887904749,46,"menardii","G.menardii",55,"Buckley","B"
627938.1504,NA,1134144.058,13.350196953976,13.9413887904749,46,"menardii","G.menardii",55,"Buckley","B"
633442.9932,NA,1134144.058,13.3589252876382,13.9413887904749,46,"menardii","G.menardii",55,"Buckley","B"
943757.7048,NA,1134144.058,13.7576247435385,13.9413887904749,46,"menardii","G.menardii",55,"Buckley","B"
934551.9036,NA,1134144.058,13.7478224459084,13.9413887904749,46,"menardii","G.menardii",55,"Buckley","B"
749883.3984,NA,1134144.058,13.527673004626,13.9413887904749,46,"menardii","G.menardii",55,"Buckley","B"
588865.0824,NA,1134144.058,13.2859523742558,13.9413887904749,46,"menardii","G.menardii",55,"Buckley","B"
761898.2004,NA,1134144.058,13.5435682304685,13.9413887904749,46,"menardii","G.menardii",55,"Buckley","B"
532265.7132,NA,1134144.058,13.184898104537,13.9413887904749,46,"menardii","G.menardii",55,"Buckley","B"
540493.0236,NA,1134144.058,13.2002370086701,13.9413887904749,46,"menardii","G.menardii",55,"Buckley","B"
496993.4496,NA,1134144.058,13.1163321251126,13.9413887904749,46,"menardii","G.menardii",55,"Buckley","B"
534695.2992,NA,1134144.058,13.1894523294263,13.9413887904749,46,"menardii","G.menardii",55,"Buckley","B"
785182.2876,NA,1134144.058,13.5736711833103,13.9413887904749,46,"menardii","G.menardii",55,"Buckley","B"
549259.5024,NA,1134144.058,13.2163262907799,13.9413887904749,46,"menardii","G.menardii",55,"Buckley","B"
145029.6432,472.71064,235303.74,11.8846934363706,12.3686324691918,13,"obliquiloculata","P.obliquiloculata",20,"Buckley","B"
165664.4832,478.6578,235303.74,12.0177198364445,12.3686324691918,13,"obliquiloculata","P.obliquiloculata",20,"Buckley","B"
227342.6856,581.98304,235303.74,12.3342137863142,12.3686324691918,13,"obliquiloculata","P.obliquiloculata",20,"Buckley","B"
149476.1184,471.8509,235303.74,11.9148919159088,12.3686324691918,13,"obliquiloculata","P.obliquiloculata",20,"Buckley","B"
150341.4504,457.17716,235303.74,11.9206643221507,12.3686324691918,13,"obliquiloculata","P.obliquiloculata",20,"Buckley","B"
235303.74,587.71924,235303.74,12.3686324691918,12.3686324691918,13,"obliquiloculata","P.obliquiloculata",20,"Buckley","B"
108439.4124,397.39538,235303.74,11.5939468849332,12.3686324691918,13,"obliquiloculata","P.obliquiloculata",20,"Buckley","B"
194207.1264,533.50507,235303.74,12.1766805303556,12.3686324691918,13,"obliquiloculata","P.obliquiloculata",20,"Buckley","B"
133793.64,448.05917,235303.74,11.8040538919142,12.3686324691918,13,"obliquiloculata","P.obliquiloculata",20,"Buckley","B"
118570.4532,421.14104,235303.74,11.6832626046595,12.3686324691918,13,"obliquiloculata","P.obliquiloculata",20,"Buckley","B"
177905.6028,494.17609,235303.74,12.0890083672558,12.3686324691918,13,"obliquiloculata","P.obliquiloculata",20,"Buckley","B"
140629.7628,456.54337,235303.74,11.8538859201673,12.3686324691918,13,"obliquiloculata","P.obliquiloculata",20,"Buckley","B"
215560.8576,559.24141,235303.74,12.2809985505142,12.3686324691918,13,"obliquiloculata","P.obliquiloculata",20,"Buckley","B"
150647.6448,457.00241,150647.6448,11.9226989108485,11.9226989108485,4,"obliquiloculata","P.obliquiloculata",25,"Buckley","B"
130338.9684,438.78966,150647.6448,11.7778937851704,11.9226989108485,4,"obliquiloculata","P.obliquiloculata",25,"Buckley","B"
143671.7376,474.38336,150647.6448,11.8752863763146,11.9226989108485,4,"obliquiloculata","P.obliquiloculata",25,"Buckley","B"
86686.2972,350.16788,150647.6448,11.3700511018348,11.9226989108485,4,"obliquiloculata","P.obliquiloculata",25,"Buckley","B"
110882.3112,398.23201,201562.4484,11.6162246583623,12.2138545299722,10,"obliquiloculata","P.obliquiloculata",27,"Buckley","B"
79457.4468,343.52775,201562.4484,11.2829768969621,12.2138545299722,10,"obliquiloculata","P.obliquiloculata",27,"Buckley","B"
88396.992,368.94,201562.4484,11.3895932208975,12.2138545299722,10,"obliquiloculata","P.obliquiloculata",27,"Buckley","B"
90633.5424,375.94593,201562.4484,11.4145796486802,12.2138545299722,10,"obliquiloculata","P.obliquiloculata",27,"Buckley","B"
149256.4572,462.8566,201562.4484,11.9134212946406,12.2138545299722,10,"obliquiloculata","P.obliquiloculata",27,"Buckley","B"
201562.4484,555.32964,201562.4484,12.2138545299722,12.2138545299722,10,"obliquiloculata","P.obliquiloculata",27,"Buckley","B"
105384.1248,385.2848,201562.4484,11.5653672851495,12.2138545299722,10,"obliquiloculata","P.obliquiloculata",27,"Buckley","B"
81980.2224,338.06861,201562.4484,11.3142333069114,12.2138545299722,10,"obliquiloculata","P.obliquiloculata",27,"Buckley","B"
151253.3772,468.03362,201562.4484,11.9267117042388,12.2138545299722,10,"obliquiloculata","P.obliquiloculata",27,"Buckley","B"
160073.1072,493.75161,201562.4484,11.9833859098598,12.2138545299722,10,"obliquiloculata","P.obliquiloculata",27,"Buckley","B"
324765.756,678.23092,324765.756,12.6908594506769,12.6908594506769,14,"obliquiloculata","P.obliquiloculata",44,"Buckley","B"
205935.7032,565.1378,324765.756,12.2353192786637,12.6908594506769,14,"obliquiloculata","P.obliquiloculata",44,"Buckley","B"
267826.9104,622.2883,324765.756,12.4980961941213,12.6908594506769,14,"obliquiloculata","P.obliquiloculata",44,"Buckley","B"
204584.454,557.68596,324765.756,12.2287361472082,12.6908594506769,14,"obliquiloculata","P.obliquiloculata",44,"Buckley","B"
202720.662,533.61735,324765.756,12.2195842611376,12.6908594506769,14,"obliquiloculata","P.obliquiloculata",44,"Buckley","B"
294219.5364,648.45825,324765.756,12.5920814901113,12.6908594506769,14,"obliquiloculata","P.obliquiloculata",44,"Buckley","B"
161450.982,480.14348,324765.756,11.9919568585464,12.6908594506769,14,"obliquiloculata","P.obliquiloculata",44,"Buckley","B"
291696.7608,639.38209,324765.756,12.5834700512347,12.6908594506769,14,"obliquiloculata","P.obliquiloculata",44,"Buckley","B"
133673.8248,488.05663,324765.756,11.8031579683064,12.6908594506769,14,"obliquiloculata","P.obliquiloculata",44,"Buckley","B"
237513.6648,581.07305,324765.756,12.3779804368017,12.6908594506769,14,"obliquiloculata","P.obliquiloculata",44,"Buckley","B"
163947.132,483.08735,324765.756,12.0072992889816,12.6908594506769,14,"obliquiloculata","P.obliquiloculata",44,"Buckley","B"
252577.098,583.06858,324765.756,12.4394718197051,12.6908594506769,14,"obliquiloculata","P.obliquiloculata",44,"Buckley","B"
209563.4412,545.13147,324765.756,12.2527817944601,12.6908594506769,14,"obliquiloculata","P.obliquiloculata",44,"Buckley","B"
181120.644,521.40262,324765.756,12.1069186296443,12.6908594506769,14,"obliquiloculata","P.obliquiloculata",44,"Buckley","B"
320705.352,702.90205,393040.4508,12.6782780740359,12.8816678137989,18,"obliquiloculata","P.obliquiloculata",46,"Buckley","B"
329704.8048,689.25124,393040.4508,12.705953002202,12.8816678137989,18,"obliquiloculata","P.obliquiloculata",46,"Buckley","B"
91525.5,379.49686,393040.4508,11.4243729009618,12.8816678137989,18,"obliquiloculata","P.obliquiloculata",46,"Buckley","B"
198354.0636,535.37331,393040.4508,12.1978089127505,12.8816678137989,18,"obliquiloculata","P.obliquiloculata",46,"Buckley","B"
353208.5532,710.60619,393040.4508,12.7748139637268,12.8816678137989,18,"obliquiloculata","P.obliquiloculata",46,"Buckley","B"
325218.3912,703.45109,393040.4508,12.6922522085622,12.8816678137989,18,"obliquiloculata","P.obliquiloculata",46,"Buckley","B"
65552.2272,310.33014,393040.4508,11.0906024657313,12.8816678137989,18,"obliquiloculata","P.obliquiloculata",46,"Buckley","B"
244702.5768,586.90889,393040.4508,12.4077987798208,12.8816678137989,18,"obliquiloculata","P.obliquiloculata",46,"Buckley","B"
95752.314,387.5586,393040.4508,11.4695200738527,12.8816678137989,18,"obliquiloculata","P.obliquiloculata",46,"Buckley","B"
256038.426,610.37042,393040.4508,12.4530828137601,12.8816678137989,18,"obliquiloculata","P.obliquiloculata",46,"Buckley","B"
302393.5956,648.12969,393040.4508,12.6194847444918,12.8816678137989,18,"obliquiloculata","P.obliquiloculata",46,"Buckley","B"
78159.4488,360.21272,393040.4508,11.2665062344912,12.8816678137989,18,"obliquiloculata","P.obliquiloculata",46,"Buckley","B"
302080.7448,644.69549,393040.4508,12.6184496275083,12.8816678137989,18,"obliquiloculata","P.obliquiloculata",46,"Buckley","B"
213603.876,552.53578,393040.4508,12.271878531971,12.8816678137989,18,"obliquiloculata","P.obliquiloculata",46,"Buckley","B"
229858.8048,572.5624,393040.4508,12.3452205072225,12.8816678137989,18,"obliquiloculata","P.obliquiloculata",46,"Buckley","B"
271554.4944,616.48505,393040.4508,12.5119181142375,12.8816678137989,18,"obliquiloculata","P.obliquiloculata",46,"Buckley","B"
141541.6896,452.56024,393040.4508,11.8603495788201,12.8816678137989,18,"obliquiloculata","P.obliquiloculata",46,"Buckley","B"
393040.4508,748.3112,393040.4508,12.8816678137989,12.8816678137989,18,"obliquiloculata","P.obliquiloculata",46,"Buckley","B"
83743.83342,347.30411,90380.23768,11.3355178161705,11.4117809127472,70,"pachyderma","N.pachyderma",66,"Buckley","B"
80322.45751,371.4207,90380.23768,11.2938045309465,11.4117809127472,70,"pachyderma","N.pachyderma",66,"Buckley","B"
71023.50391,333.97732,90380.23768,11.1707661422274,11.4117809127472,70,"pachyderma","N.pachyderma",66,"Buckley","B"
59481.35247,300.52234,90380.23768,10.9934181385469,11.4117809127472,70,"pachyderma","N.pachyderma",66,"Buckley","B"
79130.96668,331.68741,90380.23768,11.2788595648815,11.4117809127472,70,"pachyderma","N.pachyderma",66,"Buckley","B"
71602.60839,331.3059,90380.23768,11.1788867823131,11.4117809127472,70,"pachyderma","N.pachyderma",66,"Buckley","B"
56066.63293,304.24255,90380.23768,10.9342961361286,11.4117809127472,70,"pachyderma","N.pachyderma",66,"Buckley","B"
76401.85359,347.34244,90380.23768,11.2437622365095,11.4117809127472,70,"pachyderma","N.pachyderma",66,"Buckley","B"
63222.23431,315.58305,90380.23768,11.0544113269673,11.4117809127472,70,"pachyderma","N.pachyderma",66,"Buckley","B"
72847.35021,342.55687,90380.23768,11.1961214377292,11.4117809127472,70,"pachyderma","N.pachyderma",66,"Buckley","B"
85647.55621,359.13862,90380.23768,11.3579959710627,11.4117809127472,70,"pachyderma","N.pachyderma",66,"Buckley","B"
43545.99462,265.32585,90380.23768,10.6815730060647,11.4117809127472,70,"pachyderma","N.pachyderma",66,"Buckley","B"
77673.22091,335.61757,90380.23768,11.2602658297183,11.4117809127472,70,"pachyderma","N.pachyderma",66,"Buckley","B"
84229.74868,353.00703,90380.23768,11.3413034475699,11.4117809127472,70,"pachyderma","N.pachyderma",66,"Buckley","B"
77500.1552,347.39034,90380.23768,11.2580352179201,11.4117809127472,70,"pachyderma","N.pachyderma",66,"Buckley","B"
79996.29521,347.60105,90380.23768,11.2897356027087,11.4117809127472,70,"pachyderma","N.pachyderma",66,"Buckley","B"
65079.36248,314.31496,90380.23768,11.0833627653415,11.4117809127472,70,"pachyderma","N.pachyderma",66,"Buckley","B"
76834.51786,348.93894,90380.23768,11.2494092694649,11.4117809127472,70,"pachyderma","N.pachyderma",66,"Buckley","B"
79430.50348,364.3552,90380.23768,11.2826377482701,11.4117809127472,70,"pachyderma","N.pachyderma",66,"Buckley","B"
66510.48276,323.23124,90380.23768,11.1051148497095,11.4117809127472,70,"pachyderma","N.pachyderma",66,"Buckley","B"
62589.87884,301.98065,90380.23768,11.0443588641444,11.4117809127472,70,"pachyderma","N.pachyderma",66,"Buckley","B"
90380.23768,383.54381,90380.23768,11.4117809127472,11.4117809127472,70,"pachyderma","N.pachyderma",66,"Buckley","B"
67462.34415,334.77359,90380.23768,11.1193248567519,11.4117809127472,70,"pachyderma","N.pachyderma",66,"Buckley","B"
67768.53733,325.89737,90380.23768,11.1238533150435,11.4117809127472,70,"pachyderma","N.pachyderma",66,"Buckley","B"
68494.08202,319.60711,90380.23768,11.1345026266495,11.4117809127472,70,"pachyderma","N.pachyderma",66,"Buckley","B"
70963.59654,321.02021,90380.23768,11.1699222997464,11.4117809127472,70,"pachyderma","N.pachyderma",66,"Buckley","B"
77347.05861,340.56909,90380.23768,11.2560578282581,11.4117809127472,70,"pachyderma","N.pachyderma",66,"Buckley","B"
84349.5634,353.18612,90380.23768,11.3427249119086,11.4117809127472,70,"pachyderma","N.pachyderma",66,"Buckley","B"
52066.15253,282.91852,90380.23768,10.860270353087,11.4117809127472,70,"pachyderma","N.pachyderma",66,"Buckley","B"
61691.26843,299.21267,90380.23768,11.0298976833475,11.4117809127472,70,"pachyderma","N.pachyderma",66,"Buckley","B"
62436.78225,322.15862,90380.23768,11.0419098398293,11.4117809127472,70,"pachyderma","N.pachyderma",66,"Buckley","B"
60240.17904,297.00212,90380.23768,11.0060948345809,11.4117809127472,70,"pachyderma","N.pachyderma",66,"Buckley","B"
68181.23247,327.26296,90380.23768,11.1299246222372,11.4117809127472,70,"pachyderma","N.pachyderma",66,"Buckley","B"
67808.47557,317.76907,90380.23768,11.1244424745227,11.4117809127472,70,"pachyderma","N.pachyderma",66,"Buckley","B"
54941.70583,293.55308,90380.23768,10.9140280081298,11.4117809127472,70,"pachyderma","N.pachyderma",66,"Buckley","B"
59527.94709,297.51715,90380.23768,10.9942011802513,11.4117809127472,70,"pachyderma","N.pachyderma",66,"Buckley","B"
68600.584,328.47094,90380.23768,11.1360563267973,11.4117809127472,70,"pachyderma","N.pachyderma",66,"Buckley","B"
73493.01843,336.32091,90380.23768,11.2049456933424,11.4117809127472,70,"pachyderma","N.pachyderma",66,"Buckley","B"
60286.77365,314.8968,90380.23768,11.0068680162018,11.4117809127472,70,"pachyderma","N.pachyderma",66,"Buckley","B"
71882.17607,336.04371,90380.23768,11.1827836140898,11.4117809127472,70,"pachyderma","N.pachyderma",66,"Buckley","B"
79630.19468,364.1816,90380.23768,11.2851486300557,11.4117809127472,70,"pachyderma","N.pachyderma",66,"Buckley","B"
69133.09387,332.0284,90380.23768,11.1437888223137,11.4117809127472,70,"pachyderma","N.pachyderma",66,"Buckley","B"
78418.73472,341.06712,90380.23768,11.2698181410566,11.4117809127472,70,"pachyderma","N.pachyderma",66,"Buckley","B"
66969.77252,322.75725,90380.23768,11.1119966401535,11.4117809127472,70,"pachyderma","N.pachyderma",66,"Buckley","B"
53989.84444,278.41241,90380.23768,10.8965512419339,11.4117809127472,70,"pachyderma","N.pachyderma",66,"Buckley","B"
70763.90534,321.00984,90380.23768,11.1671043381018,11.4117809127472,70,"pachyderma","N.pachyderma",66,"Buckley","B"
49836.26745,267.8477,90380.23768,10.8164982600068,11.4117809127472,70,"pachyderma","N.pachyderma",66,"Buckley","B"
42128.18709,244.05169,90380.23768,10.6484723227156,11.4117809127472,70,"pachyderma","N.pachyderma",66,"Buckley","B"
42054.96698,248.49784,90380.23768,10.6467327792339,11.4117809127472,70,"pachyderma","N.pachyderma",66,"Buckley","B"
51720.228,302.08043,90380.23768,10.8536042412287,11.4117809127472,70,"pachyderma","N.pachyderma",66,"Buckley","B"
52532.3088,281.64573,90380.23768,10.8691836650096,11.4117809127472,70,"pachyderma","N.pachyderma",66,"Buckley","B"
50974.7112,301.51801,90380.23768,10.8390849299043,11.4117809127472,70,"pachyderma","N.pachyderma",66,"Buckley","B"
57418.1064,300.27919,90380.23768,10.9581149750748,11.4117809127472,70,"pachyderma","N.pachyderma",66,"Buckley","B"
43206.6924,263.67802,90380.23768,10.6737506789005,11.4117809127472,70,"pachyderma","N.pachyderma",66,"Buckley","B"
56852.3124,299.54678,90380.23768,10.9482121738132,11.4117809127472,70,"pachyderma","N.pachyderma",66,"Buckley","B"
55654.1604,297.01392,90380.23768,10.9269121140171,11.4117809127472,70,"pachyderma","N.pachyderma",66,"Buckley","B"
45875.9088,253.7991,90380.23768,10.7336953955149,11.4117809127472,70,"pachyderma","N.pachyderma",66,"Buckley","B"
61125.7212,304.61487,90380.23768,11.0206880254806,11.4117809127472,70,"pachyderma","N.pachyderma",66,"Buckley","B"
48704.8788,275.4807,90380.23768,10.7935344847511,11.4117809127472,70,"pachyderma","N.pachyderma",66,"Buckley","B"
49164.1704,278.83105,90380.23768,10.8029203932796,11.4117809127472,70,"pachyderma","N.pachyderma",66,"Buckley","B"
53151.354,285.4371,90380.23768,10.8808988585162,11.4117809127472,70,"pachyderma","N.pachyderma",66,"Buckley","B"
45063.828,263.36228,90380.23768,10.7158351637734,11.4117809127472,70,"pachyderma","N.pachyderma",66,"Buckley","B"
57877.398,295.53109,90380.23768,10.9660822246554,11.4117809127472,70,"pachyderma","N.pachyderma",66,"Buckley","B"
72914.2056,326.56115,90380.23768,11.1970387632107,11.4117809127472,70,"pachyderma","N.pachyderma",66,"Buckley","B"
80429.2812,349.25425,90380.23768,11.2951335828944,11.4117809127472,70,"pachyderma","N.pachyderma",66,"Buckley","B"
66910.1328,311.41145,90380.23768,11.1111056965305,11.4117809127472,70,"pachyderma","N.pachyderma",66,"Buckley","B"
77127.7068,355.03837,90380.23768,11.2532178568641,11.4117809127472,70,"pachyderma","N.pachyderma",66,"Buckley","B"
55933.7292,296.7,90380.23768,10.9319228617953,11.4117809127472,70,"pachyderma","N.pachyderma",66,"Buckley","B"
64174.3524,311.15485,90380.23768,11.0693589145314,11.4117809127472,70,"pachyderma","N.pachyderma",66,"Buckley","B"
48671.5968,266.6527,90380.23768,10.792850911001,11.4117809127472,70,"pachyderma","N.pachyderma",66,"Buckley","B"
130831.542,473.09772,173292.7176,11.781665835723,12.0627374528935,19,"ruber","G.ruber",20,"Buckley","B"
173292.7176,542.68998,173292.7176,12.0627374528935,12.0627374528935,19,"ruber","G.ruber",20,"Buckley","B"
95925.3804,392.46541,173292.7176,11.4713258807054,12.0627374528935,19,"ruber","G.ruber",20,"Buckley","B"
94946.8896,377.85331,173292.7176,11.46107295741,12.0627374528935,19,"ruber","G.ruber",20,"Buckley","B"
116333.9028,451.52948,173292.7176,11.6642198076334,12.0627374528935,19,"ruber","G.ruber",20,"Buckley","B"
164552.8644,511.0289,173292.7176,12.0109871616949,12.0627374528935,19,"ruber","G.ruber",20,"Buckley","B"
151319.9412,507.49984,173292.7176,11.9271516901664,12.0627374528935,19,"ruber","G.ruber",20,"Buckley","B"
91192.68,386.28554,173292.7176,11.4207299096833,12.0627374528935,19,"ruber","G.ruber",20,"Buckley","B"
128528.4276,478.13602,173292.7176,11.7639053853096,12.0627374528935,19,"ruber","G.ruber",20,"Buckley","B"
129154.1292,432.76376,173292.7176,11.7687617701383,12.0627374528935,19,"ruber","G.ruber",20,"Buckley","B"
142513.524,469.56709,173292.7176,11.8671921794508,12.0627374528935,19,"ruber","G.ruber",20,"Buckley","B"
152278.4628,510.2533,173292.7176,11.9334661158828,12.0627374528935,19,"ruber","G.ruber",20,"Buckley","B"
114343.6392,422.63204,173292.7176,11.6469635721932,12.0627374528935,19,"ruber","G.ruber",20,"Buckley","B"
110675.9628,435.53885,173292.7176,11.6143619569074,12.0627374528935,19,"ruber","G.ruber",20,"Buckley","B"
72614.6676,329.29129,173292.7176,11.1929222134648,12.0627374528935,19,"ruber","G.ruber",20,"Buckley","B"
101343.69,394.74,173292.7176,11.5262728904451,12.0627374528935,19,"ruber","G.ruber",20,"Buckley","B"
97416.414,387.85905,173292.7176,11.486749996993,12.0627374528935,19,"ruber","G.ruber",20,"Buckley","B"
114277.0752,419.74784,173292.7176,11.6463812627375,12.0627374528935,19,"ruber","G.ruber",20,"Buckley","B"
106362.6156,428.51307,173292.7176,11.5746094370064,12.0627374528935,19,"ruber","G.ruber",20,"Buckley","B"
120906.8496,428.77706,228201.3612,11.7027756900849,12.3379836813354,71,"ruber","G.ruber",25,"Buckley","B"
137960.5464,464.60779,228201.3612,11.8347230276112,12.3379836813354,71,"ruber","G.ruber",25,"Buckley","B"
129074.2524,452.9131,228201.3612,11.7681431177497,12.3379836813354,71,"ruber","G.ruber",25,"Buckley","B"
174331.116,528.08762,228201.3612,12.0687117353688,12.3379836813354,71,"ruber","G.ruber",25,"Buckley","B"
109198.242,431.48523,228201.3612,11.6009202432623,12.3379836813354,71,"ruber","G.ruber",25,"Buckley","B"
141874.5096,474.38336,228201.3612,11.862698210648,12.3379836813354,71,"ruber","G.ruber",25,"Buckley","B"
74298.7368,341.59434,228201.3612,11.2158492292154,12.3379836813354,71,"ruber","G.ruber",25,"Buckley","B"
228201.3612,604.85457,228201.3612,12.3379836813354,12.3379836813354,71,"ruber","G.ruber",25,"Buckley","B"
166243.59,493.77183,228201.3612,12.0212094013838,12.3379836813354,71,"ruber","G.ruber",25,"Buckley","B"
151765.92,488.81979,228201.3612,11.9300946128096,12.3379836813354,71,"ruber","G.ruber",25,"Buckley","B"
183929.6448,522.41018,228201.3612,12.1223085982535,12.3379836813354,71,"ruber","G.ruber",25,"Buckley","B"
134392.716,443.17461,228201.3612,11.8085215091739,12.3379836813354,71,"ruber","G.ruber",25,"Buckley","B"
135917.0316,474.22197,228201.3612,11.8197999167901,12.3379836813354,71,"ruber","G.ruber",25,"Buckley","B"
87118.9632,381.39521,228201.3612,11.3750298567096,12.3379836813354,71,"ruber","G.ruber",25,"Buckley","B"
104578.7004,405.41316,228201.3612,11.5576951808146,12.3379836813354,71,"ruber","G.ruber",25,"Buckley","B"
76269.0312,343.64399,228201.3612,11.2420222528356,12.3379836813354,71,"ruber","G.ruber",25,"Buckley","B"
93908.4912,400.09969,228201.3612,11.450076089223,12.3379836813354,71,"ruber","G.ruber",25,"Buckley","B"
82006.848,358.62928,228201.3612,11.3145580349546,12.3379836813354,71,"ruber","G.ruber",25,"Buckley","B"
116160.8364,456.08387,228201.3612,11.6627310304459,12.3379836813354,71,"ruber","G.ruber",25,"Buckley","B"
137900.6388,466.71622,228201.3612,11.8342886961129,12.3379836813354,71,"ruber","G.ruber",25,"Buckley","B"
124301.6136,450.37076,228201.3612,11.7304662589109,12.3379836813354,71,"ruber","G.ruber",25,"Buckley","B"
91438.9668,373.92203,228201.3612,11.4234269991923,12.3379836813354,71,"ruber","G.ruber",25,"Buckley","B"
57790.8648,303.09236,228201.3612,10.9645859937266,12.3379836813354,71,"ruber","G.ruber",25,"Buckley","B"
77966.4132,343.29515,228201.3612,11.2640334129369,12.3379836813354,71,"ruber","G.ruber",25,"Buckley","B"
84289.9932,356.79637,228201.3612,11.3420184323177,12.3379836813354,71,"ruber","G.ruber",25,"Buckley","B"
154794.582,490.36971,228201.3612,11.9498542395252,12.3379836813354,71,"ruber","G.ruber",25,"Buckley","B"
88816.3452,366.91374,228201.3612,11.3943259796095,12.3379836813354,71,"ruber","G.ruber",25,"Buckley","B"
117638.5572,442.70875,228201.3612,11.6753721280568,12.3379836813354,71,"ruber","G.ruber",25,"Buckley","B"
100924.3368,396.89256,228201.3612,11.5221263744833,12.3379836813354,71,"ruber","G.ruber",25,"Buckley","B"
70344.8352,337.507,228201.3612,11.1611646440692,12.3379836813354,71,"ruber","G.ruber",25,"Buckley","B"
71929.0584,340.814,228201.3612,11.1834356122711,12.3379836813354,71,"ruber","G.ruber",25,"Buckley","B"
75144.0996,340.814,228201.3612,11.2271628771286,12.3379836813354,71,"ruber","G.ruber",25,"Buckley","B"
80063.1792,357.79308,228201.3612,11.2905713419755,12.3379836813354,71,"ruber","G.ruber",25,"Buckley","B"
80282.8404,346.33557,228201.3612,11.2933111834503,12.3379836813354,71,"ruber","G.ruber",25,"Buckley","B"
81287.9568,357.80238,228201.3612,11.3057531517218,12.3379836813354,71,"ruber","G.ruber",25,"Buckley","B"
81753.9048,368.32606,228201.3612,11.3114688527564,12.3379836813354,71,"ruber","G.ruber",25,"Buckley","B"
84869.1,382.04913,228201.3612,11.3488653484536,12.3379836813354,71,"ruber","G.ruber",25,"Buckley","B"
96664.2408,383.66604,228201.3612,11.4789988178072,12.3379836813354,71,"ruber","G.ruber",25,"Buckley","B"
97915.644,393.21942,228201.3612,11.4918616114625,12.3379836813354,71,"ruber","G.ruber",25,"Buckley","B"
98035.4592,398.44089,228201.3612,11.49308452078,12.3379836813354,71,"ruber","G.ruber",25,"Buckley","B"
99666.2772,378.6628,228201.3612,11.5095826560048,12.3379836813354,71,"ruber","G.ruber",25,"Buckley","B"
100178.82,384.51522,228201.3612,11.5147120680441,12.3379836813354,71,"ruber","G.ruber",25,"Buckley","B"
120454.2144,433.75471,228201.3612,11.699024996223,12.3379836813354,71,"ruber","G.ruber",25,"Buckley","B"
124814.1564,447.73222,228201.3612,11.7345811611768,12.3379836813354,71,"ruber","G.ruber",25,"Buckley","B"
130991.2956,453.15554,228201.3612,11.7828861541741,12.3379836813354,71,"ruber","G.ruber",25,"Buckley","B"
131830.002,453.37582,228201.3612,11.7892685079231,12.3379836813354,71,"ruber","G.ruber",25,"Buckley","B"
138206.8332,465.15905,228201.3612,11.836506633377,12.3379836813354,71,"ruber","G.ruber",25,"Buckley","B"
139271.8572,469.41822,228201.3612,11.8441831092063,12.3379836813354,71,"ruber","G.ruber",25,"Buckley","B"
188109.864,537.64377,228201.3612,12.1447814541056,12.3379836813354,71,"ruber","G.ruber",25,"Buckley","B"
220153.7736,581.75997,228201.3612,12.3020815520772,12.3379836813354,71,"ruber","G.ruber",25,"Buckley","B"
101576.664,395.74206,228201.3612,11.5285691027055,12.3379836813354,71,"ruber","G.ruber",25,"Buckley","B"
134938.5408,453.66936,228201.3612,11.812574700428,12.3379836813354,71,"ruber","G.ruber",25,"Buckley","B"
103294.0152,404.67364,228201.3612,11.5453347173209,12.3379836813354,71,"ruber","G.ruber",25,"Buckley","B"
140430.0708,458.18069,228201.3612,11.8524649271279,12.3379836813354,71,"ruber","G.ruber",25,"Buckley","B"
131943.1608,467.17952,228201.3612,11.7901265088337,12.3379836813354,71,"ruber","G.ruber",25,"Buckley","B"
128614.9608,469.4324,228201.3612,11.7645784199445,12.3379836813354,71,"ruber","G.ruber",25,"Buckley","B"
107094.8196,433.63192,228201.3612,11.5814698855181,12.3379836813354,71,"ruber","G.ruber",25,"Buckley","B"
74664.8388,340.33515,228201.3612,11.2207645615123,12.3379836813354,71,"ruber","G.ruber",25,"Buckley","B"
119509.0056,463.89806,228201.3612,11.6911470081837,12.3379836813354,71,"ruber","G.ruber",25,"Buckley","B"
97596.1368,383.79614,228201.3612,11.4885931896506,12.3379836813354,71,"ruber","G.ruber",25,"Buckley","B"
112519.7856,420.255,228201.3612,11.6308843571629,12.3379836813354,71,"ruber","G.ruber",25,"Buckley","B"
93662.2044,377.52727,228201.3612,11.4474500186553,12.3379836813354,71,"ruber","G.ruber",25,"Buckley","B"
158675.2632,500.29387,228201.3612,11.9746150229097,12.3379836813354,71,"ruber","G.ruber",25,"Buckley","B"
117339.0192,435.40128,228201.3612,11.6728226238289,12.3379836813354,71,"ruber","G.ruber",25,"Buckley","B"
114563.3004,442.74634,228201.3612,11.648882791137,12.3379836813354,71,"ruber","G.ruber",25,"Buckley","B"
158635.3248,501.90782,228201.3612,11.9743632922602,12.3379836813354,71,"ruber","G.ruber",25,"Buckley","B"
87990.9516,380.80136,228201.3612,11.3849892654465,12.3379836813354,71,"ruber","G.ruber",25,"Buckley","B"
74804.6232,349.178,228201.3612,11.2226349695392,12.3379836813354,71,"ruber","G.ruber",25,"Buckley","B"
87485.0652,355.7501,228201.3612,11.3792233743491,12.3379836813354,71,"ruber","G.ruber",25,"Buckley","B"
92104.6068,386.75912,228201.3612,11.4306802405364,12.3379836813354,71,"ruber","G.ruber",25,"Buckley","B"
97849.08,395.21187,228201.3612,11.4911815706339,12.3379836813354,71,"ruber","G.ruber",25,"Buckley","B"
34579.998,236.60161,153157.1076,10.4510307014004,11.9392195205866,11,"ruber","G.ruber",27,"Buckley","B"
91991.448,378.47817,153157.1076,11.4294508951887,11.9392195205866,11,"ruber","G.ruber",27,"Buckley","B"
153157.1076,498.04025,153157.1076,11.9392195205866,11.9392195205866,11,"ruber","G.ruber",27,"Buckley","B"
72754.452,333.01994,153157.1076,11.1948453790376,11.9392195205866,11,"ruber","G.ruber",27,"Buckley","B"
78858.3708,363.88062,153157.1076,11.2754087478218,11.9392195205866,11,"ruber","G.ruber",27,"Buckley","B"
65878.3908,315.61531,153157.1076,11.0955657577637,11.9392195205866,11,"ruber","G.ruber",27,"Buckley","B"
84509.6544,377.52727,153157.1076,11.3446210600733,11.9392195205866,11,"ruber","G.ruber",27,"Buckley","B"
89521.9236,380.19782,153157.1076,11.4022388306906,11.9392195205866,11,"ruber","G.ruber",27,"Buckley","B"
88057.5156,397.72187,153157.1076,11.3857454663294,11.9392195205866,11,"ruber","G.ruber",27,"Buckley","B"
88849.6272,367.23108,153157.1076,11.3947006377383,11.9392195205866,11,"ruber","G.ruber",27,"Buckley","B"
89595.144,395.57383,153157.1076,11.4030564010658,11.9392195205866,11,"ruber","G.ruber",27,"Buckley","B"
193448.2968,555.4435,193448.2968,12.1727655557477,12.1727655557477,23,"ruber","G.ruber",31,"Buckley","B"
170849.8188,533.16185,193448.2968,12.0485401969634,12.1727655557477,23,"ruber","G.ruber",31,"Buckley","B"
127836.162,456.08387,193448.2968,11.7585047386471,12.1727655557477,23,"ruber","G.ruber",31,"Buckley","B"
116979.5736,412.62259,193448.2968,11.6697546139228,12.1727655557477,23,"ruber","G.ruber",31,"Buckley","B"
83145.0924,350.88,193448.2968,11.328342461833,12.1727655557477,23,"ruber","G.ruber",31,"Buckley","B"
100232.0712,383.54457,193448.2968,11.5152434882771,12.1727655557477,23,"ruber","G.ruber",31,"Buckley","B"
88490.1816,374.32235,193448.2968,11.3906468824686,12.1727655557477,23,"ruber","G.ruber",31,"Buckley","B"
74857.8744,353.46,193448.2968,11.2233465867192,12.1727655557477,23,"ruber","G.ruber",31,"Buckley","B"
112872.5748,417.04325,193448.2968,11.6340148047742,12.1727655557477,23,"ruber","G.ruber",31,"Buckley","B"
83284.8768,355.5723,193448.2968,11.3300222606521,12.1727655557477,23,"ruber","G.ruber",31,"Buckley","B"
141062.4288,523.12959,193448.2968,11.856957828819,12.1727655557477,23,"ruber","G.ruber",31,"Buckley","B"
75656.6424,357.68143,193448.2968,11.2339605197241,12.1727655557477,23,"ruber","G.ruber",31,"Buckley","B"
84869.1,374.18006,193448.2968,11.3488653484536,12.1727655557477,23,"ruber","G.ruber",31,"Buckley","B"
70025.328,325.85717,193448.2968,11.1566122841588,12.1727655557477,23,"ruber","G.ruber",31,"Buckley","B"
83897.2656,361.06176,193448.2968,11.3373483007442,12.1727655557477,23,"ruber","G.ruber",31,"Buckley","B"
70511.2452,328.91712,193448.2968,11.1635274824635,12.1727655557477,23,"ruber","G.ruber",31,"Buckley","B"
127490.0292,495.36672,193448.2968,11.7557934381697,12.1727655557477,23,"ruber","G.ruber",31,"Buckley","B"
87764.634,371.92291,193448.2968,11.3824138966544,12.1727655557477,23,"ruber","G.ruber",31,"Buckley","B"
102075.894,403.87508,193448.2968,11.5334718744154,12.1727655557477,23,"ruber","G.ruber",31,"Buckley","B"
77314.086,343.76019,193448.2968,11.2556314430716,12.1727655557477,23,"ruber","G.ruber",31,"Buckley","B"
99393.3648,409.63543,193448.2968,11.5068406379015,12.1727655557477,23,"ruber","G.ruber",31,"Buckley","B"
106608.9024,405.85622,193448.2968,11.5769222994221,12.1727655557477,23,"ruber","G.ruber",31,"Buckley","B"
73493.3124,345.92211,193448.2968,11.2049496933062,12.1727655557477,23,"ruber","G.ruber",31,"Buckley","B"
48997.7604,272.96839,55088.3664,10.7995298699258,10.9166938367325,3,"ruber","G.ruber",44,"Buckley","B"
55088.3664,300.04635,55088.3664,10.9166938367325,10.9166938367325,3,"ruber","G.ruber",44,"Buckley","B"
41089.9572,250.73831,55088.3664,10.6235190202609,10.9166938367325,3,"ruber","G.ruber",44,"Buckley","B"
94840.3872,386.69888,169132.4676,11.4599506228365,12.038437518822,9,"ruber","G.ruber",46,"Buckley","B"
43672.6404,260.27328,169132.4676,10.6844771072119,12.038437518822,9,"ruber","G.ruber",46,"Buckley","B"
49516.9596,278.83105,169132.4676,10.8100705080584,12.038437518822,9,"ruber","G.ruber",46,"Buckley","B"
69486.1596,332.41976,169132.4676,11.1488828692754,12.038437518822,9,"ruber","G.ruber",46,"Buckley","B"
32776.1136,221.65489,169132.4676,10.3974552851714,12.038437518822,9,"ruber","G.ruber",46,"Buckley","B"
169132.4676,534.31545,169132.4676,12.038437518822,12.038437518822,9,"ruber","G.ruber",46,"Buckley","B"
74178.9216,349.63522,169132.4676,11.2142353133267,12.038437518822,9,"ruber","G.ruber",46,"Buckley","B"
106948.3788,404.20457,169132.4676,11.5801015559104,12.038437518822,9,"ruber","G.ruber",46,"Buckley","B"
65625.4476,319.85757,169132.4676,11.0917188204421,12.038437518822,9,"ruber","G.ruber",46,"Buckley","B"
27046.6173,201.9416614,29194.9704,10.2053172228503,10.2817517268449,7,"rubescens","G.rubescens",31,"Buckley","B"
27738.8829,206.9957652,29194.9704,10.2305904226903,10.2817517268449,7,"rubescens","G.rubescens",31,"Buckley","B"
24508.8648,198.093771,29194.9704,10.1067901596601,10.2817517268449,7,"rubescens","G.rubescens",31,"Buckley","B"
25979.9292,197.1844226,29194.9704,10.1650795650477,10.2817517268449,7,"rubescens","G.rubescens",31,"Buckley","B"
28853.8299,226.8126703,29194.9704,10.2699980152918,10.2817517268449,7,"rubescens","G.rubescens",31,"Buckley","B"
29194.9704,215.6500373,29194.9704,10.2817517268449,10.2817517268449,7,"rubescens","G.rubescens",31,"Buckley","B"
23598.6021,190.4006788,29194.9704,10.0689427562085,10.2817517268449,7,"rubescens","G.rubescens",31,"Buckley","B"
164166.7932,543.57239,452402.226,12.0086382216873,13.0223269436364,33,"sacculifer","G.sacculifer",20,"Buckley","B"
452402.226,870.37821,452402.226,13.0223269436364,13.0223269436364,33,"sacculifer","G.sacculifer",20,"Buckley","B"
144097.7472,520.16281,452402.226,11.8782471482776,13.0223269436364,33,"sacculifer","G.sacculifer",20,"Buckley","B"
239171.1084,653.79969,452402.226,12.3849345094827,13.0223269436364,33,"sacculifer","G.sacculifer",20,"Buckley","B"
202434.4368,623.72534,452402.226,12.2181713442154,13.0223269436364,33,"sacculifer","G.sacculifer",20,"Buckley","B"
96045.1956,393.35482,452402.226,11.4725741471643,13.0223269436364,33,"sacculifer","G.sacculifer",20,"Buckley","B"
229878.774,620.8801,452402.226,12.3453073793901,13.0223269436364,33,"sacculifer","G.sacculifer",20,"Buckley","B"
203153.328,570.60595,452402.226,12.2217162832654,13.0223269436364,33,"sacculifer","G.sacculifer",20,"Buckley","B"
149070.078,513.57555,452402.226,11.9121717965085,13.0223269436364,33,"sacculifer","G.sacculifer",20,"Buckley","B"
216572.6304,612.04757,452402.226,12.2856812454541,13.0223269436364,33,"sacculifer","G.sacculifer",20,"Buckley","B"
118104.5052,437.17108,452402.226,11.6793251487906,13.0223269436364,33,"sacculifer","G.sacculifer",20,"Buckley","B"
189154.9188,564.42475,452402.226,12.1503216344812,13.0223269436364,33,"sacculifer","G.sacculifer",20,"Buckley","B"
287236.9728,722.55202,452402.226,12.5680628432466,13.0223269436364,33,"sacculifer","G.sacculifer",20,"Buckley","B"
358014.474,776.95277,452402.226,12.7883286947332,13.0223269436364,33,"sacculifer","G.sacculifer",20,"Buckley","B"
257549.4288,674.14566,452402.226,12.4589669371695,13.0223269436364,33,"sacculifer","G.sacculifer",20,"Buckley","B"
221112.2952,612.74321,452402.226,12.306425974526,13.0223269436364,33,"sacculifer","G.sacculifer",20,"Buckley","B"
262062.468,686.09084,452402.226,12.4763381818048,13.0223269436364,33,"sacculifer","G.sacculifer",20,"Buckley","B"
194659.7616,573.96738,452402.226,12.1790085012803,13.0223269436364,33,"sacculifer","G.sacculifer",20,"Buckley","B"
166363.4052,509.31317,452402.226,12.0219298625101,13.0223269436364,33,"sacculifer","G.sacculifer",20,"Buckley","B"
218775.8988,610.63755,452402.226,12.2958031917261,13.0223269436364,33,"sacculifer","G.sacculifer",20,"Buckley","B"
276600.0456,676.49647,452402.226,12.5303278630718,13.0223269436364,33,"sacculifer","G.sacculifer",20,"Buckley","B"
113984.1936,425.91885,452402.226,11.6438150651319,13.0223269436364,33,"sacculifer","G.sacculifer",20,"Buckley","B"
240489.0756,636.85773,452402.226,12.3904299437956,13.0223269436364,33,"sacculifer","G.sacculifer",20,"Buckley","B"
327375.0648,761.39293,452402.226,12.6988617797481,13.0223269436364,33,"sacculifer","G.sacculifer",20,"Buckley","B"
195851.2572,580.72929,452402.226,12.1851107582717,13.0223269436364,33,"sacculifer","G.sacculifer",20,"Buckley","B"
281845.2888,735.48103,452402.226,12.5491135780959,13.0223269436364,33,"sacculifer","G.sacculifer",20,"Buckley","B"
234465.0336,655.48758,452402.226,12.3650617453026,13.0223269436364,33,"sacculifer","G.sacculifer",20,"Buckley","B"
211234.1976,602.03071,452402.226,12.2607227381611,13.0223269436364,33,"sacculifer","G.sacculifer",20,"Buckley","B"
195272.1504,592.1929,452402.226,12.1821495076182,13.0223269436364,33,"sacculifer","G.sacculifer",20,"Buckley","B"
185420.6784,618.517,452402.226,12.130382459875,13.0223269436364,33,"sacculifer","G.sacculifer",20,"Buckley","B"
352882.3896,759.3839,452402.226,12.773890106463,13.0223269436364,33,"sacculifer","G.sacculifer",20,"Buckley","B"
255392.7552,623.36772,452402.226,12.4505578556943,13.0223269436364,33,"sacculifer","G.sacculifer",20,"Buckley","B"
242785.5336,677.4797,452402.226,12.3999337548438,13.0223269436364,33,"sacculifer","G.sacculifer",20,"Buckley","B"
534029.6592,978.94937,534029.6592,13.188206657973,13.188206657973,14,"sacculifer","G.sacculifer",25,"Buckley","B"
222922.836,641.0716,534029.6592,12.3145809636553,13.188206657973,14,"sacculifer","G.sacculifer",25,"Buckley","B"
260657.9676,675.04358,534029.6592,12.470964357924,13.188206657973,14,"sacculifer","G.sacculifer",25,"Buckley","B"
267953.382,720.02341,534029.6592,12.4985682966011,13.188206657973,14,"sacculifer","G.sacculifer",25,"Buckley","B"
354779.4636,791.77422,534029.6592,12.7792516461189,13.188206657973,14,"sacculifer","G.sacculifer",25,"Buckley","B"
281086.4592,722.40461,534029.6592,12.5464175849766,13.188206657973,14,"sacculifer","G.sacculifer",25,"Buckley","B"
123596.0352,459.73254,534029.6592,11.7247737458213,13.188206657973,14,"sacculifer","G.sacculifer",25,"Buckley","B"
281385.9972,691.09335,534029.6592,12.5474826612303,13.188206657973,14,"sacculifer","G.sacculifer",25,"Buckley","B"
203499.4608,568.7247,534029.6592,12.2234186342298,13.188206657973,14,"sacculifer","G.sacculifer",25,"Buckley","B"
357615.09,783.30517,534029.6592,12.7872125193778,13.188206657973,14,"sacculifer","G.sacculifer",25,"Buckley","B"
267294.3984,654.99996,534029.6592,12.4961059456785,13.188206657973,14,"sacculifer","G.sacculifer",25,"Buckley","B"
285326.586,698.3989,534029.6592,12.5613897189799,13.188206657973,14,"sacculifer","G.sacculifer",25,"Buckley","B"
199771.8768,571.36953,534029.6592,12.2049313785327,13.188206657973,14,"sacculifer","G.sacculifer",25,"Buckley","B"
417695.7564,896.07378,534029.6592,12.9425085909891,13.188206657973,14,"sacculifer","G.sacculifer",25,"Buckley","B"
140549.886,461.84883,304603.5204,11.8533177652351,12.6267662768288,9,"sacculifer","G.sacculifer",27,"Buckley","B"
157164.2604,521.26217,304603.5204,11.965046781984,12.6267662768288,9,"sacculifer","G.sacculifer",27,"Buckley","B"
304603.5204,737.04057,304603.5204,12.6267662768288,12.6267662768288,9,"sacculifer","G.sacculifer",27,"Buckley","B"
207453.3624,620.90154,304603.5204,12.2426618338726,12.6267662768288,9,"sacculifer","G.sacculifer",27,"Buckley","B"
292295.8368,722.48292,304603.5204,12.5855217080968,12.6267662768288,9,"sacculifer","G.sacculifer",27,"Buckley","B"
262688.1696,680.96851,304603.5204,12.4787229407806,12.6267662768288,9,"sacculifer","G.sacculifer",27,"Buckley","B"
237207.4704,655.91902,304603.5204,12.3766904397076,12.6267662768288,9,"sacculifer","G.sacculifer",27,"Buckley","B"
208731.3912,650.41079,304603.5204,12.2488034947874,12.6267662768288,9,"sacculifer","G.sacculifer",27,"Buckley","B"
144237.5316,501.4567,304603.5204,11.879216744586,12.6267662768288,9,"sacculifer","G.sacculifer",27,"Buckley","B"
252790.1028,673.45908,404702.4636,12.440314790172,12.9109074183176,31,"sacculifer","G.sacculifer",31,"Buckley","B"
329525.082,782.65906,404702.4636,12.7054077514237,12.9109074183176,31,"sacculifer","G.sacculifer",31,"Buckley","B"
220479.9372,617.05704,404702.4636,12.3035619819743,12.9109074183176,31,"sacculifer","G.sacculifer",31,"Buckley","B"
103313.9844,416.97142,404702.4636,11.5455280225182,12.9109074183176,31,"sacculifer","G.sacculifer",31,"Buckley","B"
139358.3904,470.11253,404702.4636,11.844804242077,12.9109074183176,31,"sacculifer","G.sacculifer",31,"Buckley","B"
314787.8124,737.21666,404702.4636,12.6596540794011,12.9109074183176,31,"sacculifer","G.sacculifer",31,"Buckley","B"
404702.4636,871.56662,404702.4636,12.9109074183176,12.9109074183176,31,"sacculifer","G.sacculifer",31,"Buckley","B"
265510.4832,692.69517,404702.4636,12.4894096036304,12.9109074183176,31,"sacculifer","G.sacculifer",31,"Buckley","B"
126012.3084,460.17394,404702.4636,11.744134866877,12.9109074183176,31,"sacculifer","G.sacculifer",31,"Buckley","B"
218516.2992,612.28678,404702.4636,12.2946158866167,12.9109074183176,31,"sacculifer","G.sacculifer",31,"Buckley","B"
371893.068,782.65906,404702.4636,12.8263616403202,12.9109074183176,31,"sacculifer","G.sacculifer",31,"Buckley","B"
333898.3368,797.93356,404702.4636,12.7185918447873,12.9109074183176,31,"sacculifer","G.sacculifer",31,"Buckley","B"
197661.798,589.46084,404702.4636,12.194312758317,12.9109074183176,31,"sacculifer","G.sacculifer",31,"Buckley","B"
172320.8832,540.94547,404702.4636,12.0571136177253,12.9109074183176,31,"sacculifer","G.sacculifer",31,"Buckley","B"
164113.542,532.30596,404702.4636,12.0083137965253,12.9109074183176,31,"sacculifer","G.sacculifer",31,"Buckley","B"
310927.1004,727.56,404702.4636,12.647313759826,12.9109074183176,31,"sacculifer","G.sacculifer",31,"Buckley","B"
257922.1872,720.11585,404702.4636,12.4604132184133,12.9109074183176,31,"sacculifer","G.sacculifer",31,"Buckley","B"
164852.4024,534.78241,404702.4636,12.0128058216421,12.9109074183176,31,"sacculifer","G.sacculifer",31,"Buckley","B"
229625.8308,651.29033,404702.4636,12.3442064405838,12.9109074183176,31,"sacculifer","G.sacculifer",31,"Buckley","B"
184182.588,585.18245,404702.4636,12.123682870648,12.9109074183176,31,"sacculifer","G.sacculifer",31,"Buckley","B"
80156.3688,361.43028,404702.4636,11.2917346158914,12.9109074183176,31,"sacculifer","G.sacculifer",31,"Buckley","B"
275515.0524,676.41775,404702.4636,12.5263975427432,12.9109074183176,31,"sacculifer","G.sacculifer",31,"Buckley","B"
161870.3352,554.29185,404702.4636,11.9945508937234,12.9109074183176,31,"sacculifer","G.sacculifer",31,"Buckley","B"
304530.3,713.98907,404702.4636,12.6265258685707,12.9109074183176,31,"sacculifer","G.sacculifer",31,"Buckley","B"
189261.4212,564.28912,404702.4636,12.1508845192806,12.9109074183176,31,"sacculifer","G.sacculifer",31,"Buckley","B"
187697.1672,583.83297,404702.4636,12.1425851302924,12.9109074183176,31,"sacculifer","G.sacculifer",31,"Buckley","B"
129560.1696,474.97232,404702.4636,11.7719006823304,12.9109074183176,31,"sacculifer","G.sacculifer",31,"Buckley","B"
192077.0784,569.62521,404702.4636,12.1656520204504,12.9109074183176,31,"sacculifer","G.sacculifer",31,"Buckley","B"
104685.2028,390.97004,404702.4636,11.5587130573578,12.9109074183176,31,"sacculifer","G.sacculifer",31,"Buckley","B"
129719.9232,475.56756,404702.4636,11.7731329683767,12.9109074183176,31,"sacculifer","G.sacculifer",31,"Buckley","B"
82565.9856,388.14211,404702.4636,11.3213530780874,12.9109074183176,31,"sacculifer","G.sacculifer",31,"Buckley","B"
637443.4896,1112.94932,637443.4896,13.3652209083209,13.3652209083209,21,"sacculifer","G.sacculifer",44,"Buckley","B"
180794.4804,602.50596,637443.4896,12.1051161977131,13.3652209083209,21,"sacculifer","G.sacculifer",44,"Buckley","B"
215707.2984,620.83721,637443.4896,12.281677667688,13.3652209083209,21,"sacculifer","G.sacculifer",44,"Buckley","B"
179376.6672,597.80888,637443.4896,12.0972431599476,13.3652209083209,21,"sacculifer","G.sacculifer",44,"Buckley","B"
522833.5944,953.48367,637443.4896,13.1670185172752,13.3652209083209,21,"sacculifer","G.sacculifer",44,"Buckley","B"
152904.1644,508.78359,637443.4896,11.9375666276483,13.3652209083209,21,"sacculifer","G.sacculifer",44,"Buckley","B"
223435.3788,623.4051,637443.4896,12.3168775183429,13.3652209083209,21,"sacculifer","G.sacculifer",44,"Buckley","B"
382203.8316,853.79681,637443.4896,12.8537093358558,13.3652209083209,21,"sacculifer","G.sacculifer",44,"Buckley","B"
299225.1492,769.117,637443.4896,12.6089515763629,13.3652209083209,21,"sacculifer","G.sacculifer",44,"Buckley","B"
224340.6492,617.80631,637443.4896,12.3209209310169,13.3652209083209,21,"sacculifer","G.sacculifer",44,"Buckley","B"
264691.746,707.37183,637443.4896,12.4863212052583,13.3652209083209,21,"sacculifer","G.sacculifer",44,"Buckley","B"
181812.9096,555.65917,637443.4896,12.1107334681054,13.3652209083209,21,"sacculifer","G.sacculifer",44,"Buckley","B"
239384.1132,658.40569,637443.4896,12.3858247090018,13.3652209083209,21,"sacculifer","G.sacculifer",44,"Buckley","B"
335695.5648,821.98006,637443.4896,12.7239599710846,13.3652209083209,21,"sacculifer","G.sacculifer",44,"Buckley","B"
217584.4032,641.50754,637443.4896,12.2903421149245,13.3652209083209,21,"sacculifer","G.sacculifer",44,"Buckley","B"
328253.7096,817.25343,637443.4896,12.7015420932436,13.3652209083209,21,"sacculifer","G.sacculifer",44,"Buckley","B"
175469.3604,544.77114,637443.4896,12.075219722031,13.3652209083209,21,"sacculifer","G.sacculifer",44,"Buckley","B"
54742.2336,305.97756,637443.4896,10.910390785562,13.3652209083209,21,"sacculifer","G.sacculifer",44,"Buckley","B"
73426.7484,357.56976,637443.4896,11.2040435678364,13.3652209083209,21,"sacculifer","G.sacculifer",44,"Buckley","B"
80143.056,370.69492,637443.4896,11.2915685167299,13.3652209083209,21,"sacculifer","G.sacculifer",44,"Buckley","B"
55800.6012,297.7861,637443.4896,10.9295399225049,13.3652209083209,21,"sacculifer","G.sacculifer",44,"Buckley","B"
300662.9316,844.40133,596393.4708,12.6137450876831,13.2986559141267,23,"sacculifer","G.sacculifer",46,"Buckley","B"
323154.9072,806.18292,596393.4708,12.6858870760933,13.2986559141267,23,"sacculifer","G.sacculifer",46,"Buckley","B"
176727.42,565.64992,596393.4708,12.0823638245371,13.2986559141267,23,"sacculifer","G.sacculifer",46,"Buckley","B"
125839.242,454.87822,596393.4708,11.7427605141921,13.2986559141267,23,"sacculifer","G.sacculifer",46,"Buckley","B"
498071.7864,949.56619,596393.4708,13.1184994950159,13.2986559141267,23,"sacculifer","G.sacculifer",46,"Buckley","B"
300802.716,698.43702,596393.4708,12.6142099002724,13.2986559141267,23,"sacculifer","G.sacculifer",46,"Buckley","B"
123409.656,474.78309,596393.4708,11.7232646369869,13.2986559141267,23,"sacculifer","G.sacculifer",46,"Buckley","B"
184801.6332,524.62256,596393.4708,12.127038275813,13.2986559141267,23,"sacculifer","G.sacculifer",46,"Buckley","B"
158635.3248,650.20607,596393.4708,11.9743632922602,13.2986559141267,23,"sacculifer","G.sacculifer",46,"Buckley","B"
270635.9112,702.83102,596393.4708,12.5085296954481,13.2986559141267,23,"sacculifer","G.sacculifer",46,"Buckley","B"
66018.1752,322.57223,596393.4708,11.0976853649161,13.2986559141267,23,"sacculifer","G.sacculifer",46,"Buckley","B"
60879.4344,317.34,596393.4708,11.0166507020851,13.2986559141267,23,"sacculifer","G.sacculifer",46,"Buckley","B"
301281.9768,732.73817,596393.4708,12.6158019052077,13.2986559141267,23,"sacculifer","G.sacculifer",46,"Buckley","B"
253382.5224,752.90041,596393.4708,12.4426555721148,13.2986559141267,23,"sacculifer","G.sacculifer",46,"Buckley","B"
461734.4988,949.22264,596393.4708,13.0427453269512,13.2986559141267,23,"sacculifer","G.sacculifer",46,"Buckley","B"
60766.2756,316.12107,596393.4708,11.0147902364321,13.2986559141267,23,"sacculifer","G.sacculifer",46,"Buckley","B"
403184.8044,889.86066,596393.4708,12.9071503075291,13.2986559141267,23,"sacculifer","G.sacculifer",46,"Buckley","B"
191111.9004,582.10884,596393.4708,12.1606144014449,13.2986559141267,23,"sacculifer","G.sacculifer",46,"Buckley","B"
64613.6748,318.13607,596393.4708,11.0761813515793,13.2986559141267,23,"sacculifer","G.sacculifer",46,"Buckley","B"
442823.6664,879.78378,596393.4708,13.0009269255428,13.2986559141267,23,"sacculifer","G.sacculifer",46,"Buckley","B"
568849.2876,1030.46699,596393.4708,13.2513708056158,13.2986559141267,23,"sacculifer","G.sacculifer",46,"Buckley","B"
494963.2476,1026.41856,596393.4708,13.1122387915216,13.2986559141267,23,"sacculifer","G.sacculifer",46,"Buckley","B"
596393.4708,1096.43929,596393.4708,13.2986559141267,13.2986559141267,23,"sacculifer","G.sacculifer",46,"Buckley","B"
178105.2948,507.7817547,265790.052,12.0901301982014,12.4904619979243,4,"scitula","G.scitula",44,"Buckley","B"
175808.8368,510.8725747,265790.052,12.0771525291815,12.4904619979243,4,"scitula","G.scitula",44,"Buckley","B"
159553.908,504.4741234,265790.052,11.9801371252955,12.4904619979243,4,"scitula","G.scitula",44,"Buckley","B"
265790.052,648.0372489,265790.052,12.4904619979243,12.4904619979243,4,"scitula","G.scitula",44,"Buckley","B"
125087.0688,474.89524,260764.47,11.7367653242058,12.4713728650913,8,"siphonifera","G.siphonifera",20,"Buckley","B"
242545.9032,645.3611,260764.47,12.3989462629927,12.4713728650913,8,"siphonifera","G.siphonifera",20,"Buckley","B"
140416.758,506.53489,260764.47,11.8523701224255,12.4713728650913,8,"siphonifera","G.siphonifera",20,"Buckley","B"
260764.47,684.9402,260764.47,12.4713728650913,12.4713728650913,8,"siphonifera","G.siphonifera",20,"Buckley","B"
160159.6404,518.22689,260764.47,11.9839263492918,12.4713728650913,8,"siphonifera","G.siphonifera",20,"Buckley","B"
135278.0172,477.7182,260764.47,11.8150873264574,12.4713728650913,8,"siphonifera","G.siphonifera",20,"Buckley","B"
126797.7636,446.96592,260764.47,11.7503486836058,12.4713728650913,8,"siphonifera","G.siphonifera",20,"Buckley","B"
111414.8232,425.76254,260764.47,11.6210156604599,12.4713728650913,8,"siphonifera","G.siphonifera",20,"Buckley","B"
169778.1384,549.83668,218163.51,12.0422477954539,12.293000106499,5,"siphonifera","G.siphonifera",27,"Buckley","B"
141435.1872,495.38687,218163.51,11.8595968501432,12.293000106499,5,"siphonifera","G.siphonifera",27,"Buckley","B"
161956.8684,500.94539,218163.51,11.9950853343207,12.293000106499,5,"siphonifera","G.siphonifera",27,"Buckley","B"
218163.51,615.10144,218163.51,12.293000106499,12.293000106499,5,"siphonifera","G.siphonifera",27,"Buckley","B"
137740.8852,510.86606,218163.51,11.8331295556789,12.293000106499,5,"siphonifera","G.siphonifera",27,"Buckley","B"
515105.514,975.03863,515105.514,13.1521270402139,13.1521270402139,11,"siphonifera","G.siphonifera",31,"Buckley","B"
140070.6252,498.48111,515105.514,11.8499020401057,13.1521270402139,11,"siphonifera","G.siphonifera",31,"Buckley","B"
272799.2412,660.42457,515105.514,12.5164914234226,13.1521270402139,11,"siphonifera","G.siphonifera",31,"Buckley","B"
196610.0868,564.41296,515105.514,12.1889777915846,13.1521270402139,11,"siphonifera","G.siphonifera",31,"Buckley","B"
199692,544.38,515105.514,12.2045314585113,13.1521270402139,11,"siphonifera","G.siphonifera",31,"Buckley","B"
179356.698,543.65198,515105.514,12.0971318282346,13.1521270402139,11,"siphonifera","G.siphonifera",31,"Buckley","B"
126205.344,467.61388,515105.514,11.7456655736761,13.1521270402139,11,"siphonifera","G.siphonifera",31,"Buckley","B"
110928.906,439.37332,515105.514,11.6166447886089,13.1521270402139,11,"siphonifera","G.siphonifera",31,"Buckley","B"
77061.1428,352.66816,515105.514,11.2523544480728,13.1521270402139,11,"siphonifera","G.siphonifera",31,"Buckley","B"
148497.6276,500.12753,515105.514,11.9083242613397,13.1521270402139,11,"siphonifera","G.siphonifera",31,"Buckley","B"
214083.1368,649.52493,515105.514,12.274119708281,13.1521270402139,11,"siphonifera","G.siphonifera",31,"Buckley","B"
259546.3488,660.53039,259546.3488,12.466690573732,12.466690573732,3,"siphonifera","G.siphonifera",44,"Buckley","B"
231968.8836,608.22919,259546.3488,12.3543585192394,12.466690573732,3,"siphonifera","G.siphonifera",44,"Buckley","B"
217471.2444,598.89909,259546.3488,12.2898219111152,12.466690573732,3,"siphonifera","G.siphonifera",44,"Buckley","B"
282158.1396,701.39947,282158.1396,12.550222971466,12.550222971466,3,"siphonifera","G.siphonifera",46,"Buckley","B"
137913.9516,492.86104,282158.1396,11.8343852305275,12.550222971466,3,"siphonifera","G.siphonifera",46,"Buckley","B"
245008.7712,631.23063,282158.1396,12.4090492897024,12.550222971466,3,"siphonifera","G.siphonifera",46,"Buckley","B"
16607.718,157.1895569,38766.8736,9.71762280605267,10.5653213877436,7,"tenellus","G.tenellus",25,"Buckley","B"
19230.3396,173.1677857,38766.8736,9.86424449833329,10.5653213877436,7,"tenellus","G.tenellus",25,"Buckley","B"
33335.2512,231.0648922,38766.8736,10.414370710647,10.5653213877436,7,"tenellus","G.tenellus",25,"Buckley","B"
28915.4016,215.1323992,38766.8736,10.2721296594808,10.5653213877436,7,"tenellus","G.tenellus",25,"Buckley","B"
17406.486,162.9490092,38766.8736,9.76459817436607,10.5653213877436,7,"tenellus","G.tenellus",25,"Buckley","B"
38766.8736,254.5716214,38766.8736,10.5653213877436,10.5653213877436,7,"tenellus","G.tenellus",25,"Buckley","B"
24715.2132,194.2381919,38766.8736,10.1151742520441,10.5653213877436,7,"tenellus","G.tenellus",25,"Buckley","B"
27604.0908,204.8623977,40624.0092,10.2257192581134,10.6121145304115,10,"tenellus","G.tenellus",27,"Buckley","B"
40624.0092,263.16,40624.0092,10.6121145304115,10.6121145304115,10,"tenellus","G.tenellus",27,"Buckley","B"
31797.6228,211.0086719,40624.0092,10.367146811257,10.6121145304115,10,"tenellus","G.tenellus",27,"Buckley","B"
30240.0252,224.6971161,40624.0092,10.3169216636265,10.6121145304115,10,"tenellus","G.tenellus",27,"Buckley","B"
23104.3644,189.6256122,40624.0092,10.0477768137288,10.6121145304115,10,"tenellus","G.tenellus",27,"Buckley","B"
21779.7408,183.18,40624.0092,9.98873549558969,10.6121145304115,10,"tenellus","G.tenellus",27,"Buckley","B"
23350.6512,194.2553258,40624.0092,10.0583801513591,10.6121145304115,10,"tenellus","G.tenellus",27,"Buckley","B"
31984.002,226.6879088,40624.0092,10.3729911192714,10.6121145304115,10,"tenellus","G.tenellus",27,"Buckley","B"
26905.1688,205.4464222,40624.0092,10.2000736958306,10.6121145304115,10,"tenellus","G.tenellus",27,"Buckley","B"
32070.5352,222.8379321,40624.0092,10.3756929810419,10.6121145304115,10,"tenellus","G.tenellus",27,"Buckley","B"
31145.2956,218.5855421,39645.5184,10.3464184887333,10.587733191671,20,"tenellus","G.tenellus",31,"Buckley","B"
36796.5792,234.7941754,39645.5184,10.5131601633146,10.587733191671,20,"tenellus","G.tenellus",31,"Buckley","B"
26858.574,204.8623977,39645.5184,10.1983403785711,10.587733191671,20,"tenellus","G.tenellus",31,"Buckley","B"
36230.7852,225.9378932,39645.5184,10.4976644563013,10.587733191671,20,"tenellus","G.tenellus",31,"Buckley","B"
34320.3984,233.3581119,39645.5184,10.4434951619261,10.587733191671,20,"tenellus","G.tenellus",31,"Buckley","B"
29214.9396,218.0214494,39645.5184,10.2824354875553,10.587733191671,20,"tenellus","G.tenellus",31,"Buckley","B"
26605.6308,214.6367732,39645.5184,10.1888781565784,10.587733191671,20,"tenellus","G.tenellus",31,"Buckley","B"
36690.0768,238.4372295,39645.5184,10.5102616105605,10.587733191671,20,"tenellus","G.tenellus",31,"Buckley","B"
31804.2792,225.2888146,39645.5184,10.3673561257528,10.587733191671,20,"tenellus","G.tenellus",31,"Buckley","B"
32942.5236,217.960379,39645.5184,10.4025196128189,10.587733191671,20,"tenellus","G.tenellus",31,"Buckley","B"
24136.1064,193.5687878,39645.5184,10.0914641891818,10.587733191671,20,"tenellus","G.tenellus",31,"Buckley","B"
38054.6388,249.8340705,39645.5184,10.546778269131,10.587733191671,20,"tenellus","G.tenellus",31,"Buckley","B"
29960.4564,214.7607869,39645.5184,10.30763367116,10.587733191671,20,"tenellus","G.tenellus",31,"Buckley","B"
39645.5184,245.4392389,39645.5184,10.587733191671,10.587733191671,20,"tenellus","G.tenellus",31,"Buckley","B"
26019.8676,209.8065137,39645.5184,10.16661566366,10.587733191671,20,"tenellus","G.tenellus",31,"Buckley","B"
26905.1688,210.0443268,39645.5184,10.2000736958306,10.587733191671,20,"tenellus","G.tenellus",31,"Buckley","B"
38061.2952,251.5466923,39645.5184,10.5469531707493,10.587733191671,20,"tenellus","G.tenellus",31,"Buckley","B"
39019.8168,245.8592451,39645.5184,10.5718249191379,10.587733191671,20,"tenellus","G.tenellus",31,"Buckley","B"
26379.3132,211.56,39645.5184,10.1803353910575,10.587733191671,20,"tenellus","G.tenellus",31,"Buckley","B"
29920.518,220.5258679,39645.5184,10.3062997447728,10.587733191671,20,"tenellus","G.tenellus",31,"Buckley","B"
161963.5248,508.60039,161963.5248,11.9951264333076,11.9951264333076,6,"truncatulinoides","G.truncatulinoides",10,"Buckley","B"
131537.1204,452.23654,161963.5248,11.7870443751759,11.9951264333076,6,"truncatulinoides","G.truncatulinoides",10,"Buckley","B"
115355.412,406.98631,161963.5248,11.6557731805767,11.9951264333076,6,"truncatulinoides","G.truncatulinoides",10,"Buckley","B"
138599.5608,470.38855,161963.5248,11.8393441969018,11.9951264333076,6,"truncatulinoides","G.truncatulinoides",10,"Buckley","B"
108466.038,412.29175,161963.5248,11.5941923891387,11.9951264333076,6,"truncatulinoides","G.truncatulinoides",10,"Buckley","B"
105177.7764,407.61551,161963.5248,11.5634073060186,11.9951264333076,6,"truncatulinoides","G.truncatulinoides",10,"Buckley","B"
182185.668,561.94272,386317.4868,12.1127815999018,12.8644148150386,23,"truncatulinoides","G.truncatulinoides",20,"Buckley","B"
183477.0096,561.07141,386317.4868,12.1198446503442,12.8644148150386,23,"truncatulinoides","G.truncatulinoides",20,"Buckley","B"
118124.4744,443.66999,386317.4868,11.6794942152623,12.8644148150386,23,"truncatulinoides","G.truncatulinoides",20,"Buckley","B"
170550.2808,537.51376,386317.4868,12.0467854342834,12.8644148150386,23,"truncatulinoides","G.truncatulinoides",20,"Buckley","B"
125240.166,450.6441,386317.4868,11.7379885008946,12.8644148150386,23,"truncatulinoides","G.truncatulinoides",20,"Buckley","B"
220273.5888,607.50646,386317.4868,12.3026256381771,12.8644148150386,23,"truncatulinoides","G.truncatulinoides",20,"Buckley","B"
287150.4396,678.80972,386317.4868,12.5677615371985,12.8644148150386,23,"truncatulinoides","G.truncatulinoides",20,"Buckley","B"
200530.7064,602.8373,386317.4868,12.2087226631298,12.8644148150386,23,"truncatulinoides","G.truncatulinoides",20,"Buckley","B"
386317.4868,791.7574,386317.4868,12.8644148150386,12.8644148150386,23,"truncatulinoides","G.truncatulinoides",20,"Buckley","B"
173146.2768,509.93359,386317.4868,12.0618920468561,12.8644148150386,23,"truncatulinoides","G.truncatulinoides",20,"Buckley","B"
143977.932,493.58981,386317.4868,11.8774153168142,12.8644148150386,23,"truncatulinoides","G.truncatulinoides",20,"Buckley","B"
319027.9392,717.52764,386317.4868,12.6730339616308,12.8644148150386,23,"truncatulinoides","G.truncatulinoides",20,"Buckley","B"
279429.0156,686.97799,386317.4868,12.5405035700909,12.8644148150386,23,"truncatulinoides","G.truncatulinoides",20,"Buckley","B"
238951.4472,622.12248,386317.4868,12.3840156604851,12.8644148150386,23,"truncatulinoides","G.truncatulinoides",20,"Buckley","B"
216985.3272,603.1795,386317.4868,12.2875850136466,12.8644148150386,23,"truncatulinoides","G.truncatulinoides",20,"Buckley","B"
276826.3632,657.62171,386317.4868,12.5311457409649,12.8644148150386,23,"truncatulinoides","G.truncatulinoides",20,"Buckley","B"
253622.1528,632.02102,386317.4868,12.4436008510424,12.8644148150386,23,"truncatulinoides","G.truncatulinoides",20,"Buckley","B"
150980.4648,494.66748,386317.4868,11.9249057352423,12.8644148150386,23,"truncatulinoides","G.truncatulinoides",20,"Buckley","B"
190426.2912,567.23047,386317.4868,12.1570204758403,12.8644148150386,23,"truncatulinoides","G.truncatulinoides",20,"Buckley","B"
240742.0188,601.75424,386317.4868,12.391481177709,12.8644148150386,23,"truncatulinoides","G.truncatulinoides",20,"Buckley","B"
201602.3868,592.55248,386317.4868,12.214052654395,12.8644148150386,23,"truncatulinoides","G.truncatulinoides",20,"Buckley","B"
138100.3308,500.17411,386317.4868,11.8357357347602,12.8644148150386,23,"truncatulinoides","G.truncatulinoides",20,"Buckley","B"
225172.6992,738.7365,386317.4868,12.3246229387692,12.8644148150386,23,"truncatulinoides","G.truncatulinoides",20,"Buckley","B"
427187.7828,782.35283,427187.7828,12.9649789679046,12.9649789679046,2,"truncatulinoides","G.truncatulinoides",25,"Buckley","B"
288155.556,670.42778,427187.7828,12.5712557383031,12.9649789679046,2,"truncatulinoides","G.truncatulinoides",25,"Buckley","B"
168260.4792,531.10414,305668.5444,12.0332685290741,12.6302566056269,4,"truncatulinoides","G.truncatulinoides",27,"Buckley","B"
235356.9912,600.87973,305668.5444,12.368858751933,12.6302566056269,4,"truncatulinoides","G.truncatulinoides",27,"Buckley","B"
305202.5964,717.48589,305668.5444,12.6287310855646,12.6302566056269,4,"truncatulinoides","G.truncatulinoides",27,"Buckley","B"
305668.5444,673.14766,305668.5444,12.6302566056269,12.6302566056269,4,"truncatulinoides","G.truncatulinoides",27,"Buckley","B"
213776.9424,601.33928,213776.9424,12.2726884251716,12.2726884251716,1,"truncatulinoides","G.truncatulinoides",44,"Buckley","B"
122258.0988,430.86772,228800.4372,11.7138896529956,12.3406054493251,11,"truncatulinoides","G.truncatulinoides",5,"Buckley","B"
129660.0156,443.83499,228800.4372,11.7726710390436,12.3406054493251,11,"truncatulinoides","G.truncatulinoides",5,"Buckley","B"
217464.588,576.819,228800.4372,12.2897913024622,12.3406054493251,11,"truncatulinoides","G.truncatulinoides",5,"Buckley","B"
114922.746,427.7668,228800.4372,11.6520154076911,12.3406054493251,11,"truncatulinoides","G.truncatulinoides",5,"Buckley","B"
132508.9548,450.70318,228800.4372,11.794405505521,12.3406054493251,11,"truncatulinoides","G.truncatulinoides",5,"Buckley","B"
136795.6764,440.64406,228800.4372,11.826243678408,12.3406054493251,11,"truncatulinoides","G.truncatulinoides",5,"Buckley","B"
185580.432,555.08387,228800.4372,12.1312436627415,12.3406054493251,11,"truncatulinoides","G.truncatulinoides",5,"Buckley","B"
208025.8128,555.05988,228800.4372,12.2454174509837,12.3406054493251,11,"truncatulinoides","G.truncatulinoides",5,"Buckley","B"
217717.5312,602.7324,228800.4372,12.2909537731489,12.3406054493251,11,"truncatulinoides","G.truncatulinoides",5,"Buckley","B"
177206.6808,525.42129,228800.4372,12.085072018474,12.3406054493251,11,"truncatulinoides","G.truncatulinoides",5,"Buckley","B"
228800.4372,590.72986,228800.4372,12.3406054493251,12.3406054493251,11,"truncatulinoides","G.truncatulinoides",5,"Buckley","B"
546304.0608,1017.426525,636977.5416,13.2109309876346,13.3644896774179,10,"tumida","G.tumida",44,"Buckley","B"
554138.6436,1075.708407,636977.5416,13.2251701936256,13.3644896774179,10,"tumida","G.tumida",44,"Buckley","B"
534748.5504,1013.496773,636977.5416,13.1895519161415,13.3644896774179,10,"tumida","G.tumida",44,"Buckley","B"
409681.4508,869.3106993,636977.5416,12.9231351874307,13.3644896774179,10,"tumida","G.tumida",44,"Buckley","B"
228886.9704,605.7233428,636977.5416,12.3409835816468,13.3644896774179,10,"tumida","G.tumida",44,"Buckley","B"
504129.1104,923.975051,636977.5416,13.1305876856758,13.3644896774179,10,"tumida","G.tumida",44,"Buckley","B"
493891.5672,883.9277301,636977.5416,13.1100712724814,13.3644896774179,10,"tumida","G.tumida",44,"Buckley","B"
313196.9328,773.8021747,636977.5416,12.6545874499474,13.3644896774179,10,"tumida","G.tumida",44,"Buckley","B"
322868.682,709.4014841,636977.5416,12.6850009622624,13.3644896774179,10,"tumida","G.tumida",44,"Buckley","B"
636977.5416,1062.574809,636977.5416,13.3644896774179,13.3644896774179,10,"tumida","G.tumida",44,"Buckley","B"
382616.5284,707.2494853,410000.958,12.8547885352643,12.9239147752631,5,"universa","O.universa",25,"Buckley","B"
384839.766,706.736363,410000.958,12.8605823344301,12.9239147752631,5,"universa","O.universa",25,"Buckley","B"
189421.1748,496.6751292,410000.958,12.1517282528515,12.9239147752631,5,"universa","O.universa",25,"Buckley","B"
341233.6896,666.9038003,410000.958,12.7403228282951,12.9239147752631,5,"universa","O.universa",25,"Buckley","B"
410000.958,733.9589877,410000.958,12.9239147752631,12.9239147752631,5,"universa","O.universa",25,"Buckley","B"
